#ATOMDATA Id type x=3 u=3
#INPUTCONV temp 0.5822
#INPUTCONV moment 1
#INPUTCONV angmoment 1
1 Na 0.000000 0.000000 0.000000 0.0 0.0 0.0
2 Na 0.000000 2.810000 2.810000 0.0 0.0 0.0
3 Na 2.810000 0.000000 2.810000 0.0 0.0 0.0
4 Cl 2.810000 2.810000 2.810000 0.0 0.0 0.0
5 Cl 0.000000 0.000000 2.810000 0.0 0.0 0.0
6 Cl 0.000000 2.810000 0.000000 0.0 0.0 0.0
7 Na 0.000000 0.000000 5.620000 0.0 0.0 0.0
8 Na 0.000000 2.810000 8.430000 0.0 0.0 0.0
9 Na 2.810000 2.810000 5.620000 0.0 0.0 0.0
10 Na 2.810000 0.000000 8.430000 0.0 0.0 0.0
11 Cl 2.810000 2.810000 8.430000 0.0 0.0 0.0
12 Cl 2.810000 0.000000 5.620000 0.0 0.0 0.0
13 Cl 0.000000 0.000000 8.430000 0.0 0.0 0.0
14 Cl 0.000000 2.810000 5.620000 0.0 0.0 0.0
15 Na 0.000000 0.000000 11.240000 0.0 0.0 0.0
16 Na 0.000000 2.810000 14.050000 0.0 0.0 0.0
17 Na 2.810000 2.810000 11.240000 0.0 0.0 0.0
18 Na 2.810000 0.000000 14.050000 0.0 0.0 0.0
19 Cl 2.810000 2.810000 14.050000 0.0 0.0 0.0
20 Cl 2.810000 0.000000 11.240000 0.0 0.0 0.0
21 Cl 0.000000 0.000000 14.050000 0.0 0.0 0.0
22 Cl 0.000000 2.810000 11.240000 0.0 0.0 0.0
23 Na 0.000000 0.000000 16.860000 0.0 0.0 0.0
24 Na 0.000000 2.810000 19.670000 0.0 0.0 0.0
25 Na 2.810000 2.810000 16.860000 0.0 0.0 0.0
26 Na 2.810000 0.000000 19.670000 0.0 0.0 0.0
27 Cl 2.810000 2.810000 19.670000 0.0 0.0 0.0
28 Cl 2.810000 0.000000 16.860000 0.0 0.0 0.0
29 Cl 0.000000 0.000000 19.670000 0.0 0.0 0.0
30 Cl 0.000000 2.810000 16.860000 0.0 0.0 0.0
31 Na 0.000000 5.620000 0.000000 0.0 0.0 0.0
32 Na 0.000000 8.430000 2.810000 0.0 0.0 0.0
33 Na 2.810000 8.430000 0.000000 0.0 0.0 0.0
34 Cl 2.810000 5.620000 0.000000 0.0 0.0 0.0
35 Cl 0.000000 5.620000 2.810000 0.0 0.0 0.0
36 Cl 0.000000 8.430000 0.000000 0.0 0.0 0.0
37 Na 0.000000 8.430000 8.430000 0.0 0.0 0.0
38 Na 2.810000 8.430000 5.620000 0.0 0.0 0.0
39 Na 2.810000 5.620000 8.430000 0.0 0.0 0.0
40 Cl 2.810000 8.430000 8.430000 0.0 0.0 0.0
41 Cl 2.810000 5.620000 5.620000 0.0 0.0 0.0
42 Cl 0.000000 5.620000 8.430000 0.0 0.0 0.0
43 Na 0.000000 5.620000 11.240000 0.0 0.0 0.0
44 Na 0.000000 8.430000 14.050000 0.0 0.0 0.0
45 Na 2.810000 8.430000 11.240000 0.0 0.0 0.0
46 Cl 2.810000 8.430000 14.050000 0.0 0.0 0.0
47 Cl 2.810000 5.620000 11.240000 0.0 0.0 0.0
48 Cl 0.000000 8.430000 11.240000 0.0 0.0 0.0
49 Na 0.000000 8.430000 19.670000 0.0 0.0 0.0
50 Na 2.810000 8.430000 16.860000 0.0 0.0 0.0
51 Na 2.810000 5.620000 19.670000 0.0 0.0 0.0
52 Cl 2.810000 8.430000 19.670000 0.0 0.0 0.0
53 Cl 0.000000 5.620000 19.670000 0.0 0.0 0.0
54 Cl 0.000000 8.430000 16.860000 0.0 0.0 0.0
55 Na 0.000000 11.240000 0.000000 0.0 0.0 0.0
56 Na 0.000000 14.050000 2.810000 0.0 0.0 0.0
57 Na 2.810000 14.050000 0.000000 0.0 0.0 0.0
58 Na 2.810000 11.240000 2.810000 0.0 0.0 0.0
59 Cl 2.810000 14.050000 2.810000 0.0 0.0 0.0
60 Cl 2.810000 11.240000 0.000000 0.0 0.0 0.0
61 Cl 0.000000 11.240000 2.810000 0.0 0.0 0.0
62 Cl 0.000000 14.050000 0.000000 0.0 0.0 0.0
63 Na 0.000000 11.240000 5.620000 0.0 0.0 0.0
64 Na 0.000000 14.050000 8.430000 0.0 0.0 0.0
65 Na 2.810000 14.050000 5.620000 0.0 0.0 0.0
66 Na 2.810000 11.240000 8.430000 0.0 0.0 0.0
67 Cl 2.810000 14.050000 8.430000 0.0 0.0 0.0
68 Cl 2.810000 11.240000 5.620000 0.0 0.0 0.0
69 Cl 0.000000 11.240000 8.430000 0.0 0.0 0.0
70 Cl 0.000000 14.050000 5.620000 0.0 0.0 0.0
71 Na 0.000000 11.240000 11.240000 0.0 0.0 0.0
72 Na 0.000000 14.050000 14.050000 0.0 0.0 0.0
73 Na 2.810000 14.050000 11.240000 0.0 0.0 0.0
74 Na 2.810000 11.240000 14.050000 0.0 0.0 0.0
75 Cl 2.810000 14.050000 14.050000 0.0 0.0 0.0
76 Cl 2.810000 11.240000 11.240000 0.0 0.0 0.0
77 Cl 0.000000 11.240000 14.050000 0.0 0.0 0.0
78 Cl 0.000000 14.050000 11.240000 0.0 0.0 0.0
79 Na 0.000000 11.240000 16.860000 0.0 0.0 0.0
80 Na 0.000000 14.050000 19.670000 0.0 0.0 0.0
81 Na 2.810000 14.050000 16.860000 0.0 0.0 0.0
82 Cl 2.810000 14.050000 19.670000 0.0 0.0 0.0
83 Cl 2.810000 11.240000 16.860000 0.0 0.0 0.0
84 Cl 0.000000 14.050000 16.860000 0.0 0.0 0.0
85 Na 0.000000 16.860000 0.000000 0.0 0.0 0.0
86 Na 0.000000 19.670000 2.810000 0.0 0.0 0.0
87 Na 2.810000 19.670000 0.000000 0.0 0.0 0.0
88 Cl 2.810000 19.670000 2.810000 0.0 0.0 0.0
89 Cl 0.000000 16.860000 2.810000 0.0 0.0 0.0
90 Cl 0.000000 19.670000 0.000000 0.0 0.0 0.0
91 Na 0.000000 16.860000 5.620000 0.0 0.0 0.0
92 Na 0.000000 19.670000 8.430000 0.0 0.0 0.0
93 Na 2.810000 19.670000 5.620000 0.0 0.0 0.0
94 Na 2.810000 16.860000 8.430000 0.0 0.0 0.0
95 Cl 2.810000 19.670000 8.430000 0.0 0.0 0.0
96 Cl 2.810000 16.860000 5.620000 0.0 0.0 0.0
97 Cl 0.000000 16.860000 8.430000 0.0 0.0 0.0
98 Cl 0.000000 19.670000 5.620000 0.0 0.0 0.0
99 Na 0.000000 16.860000 11.240000 0.0 0.0 0.0
100 Na 0.000000 19.670000 14.050000 0.0 0.0 0.0
101 Na 2.810000 19.670000 11.240000 0.0 0.0 0.0
102 Na 2.810000 16.860000 14.050000 0.0 0.0 0.0
103 Cl 2.810000 19.670000 14.050000 0.0 0.0 0.0
104 Cl 2.810000 16.860000 11.240000 0.0 0.0 0.0
105 Cl 0.000000 16.860000 14.050000 0.0 0.0 0.0
106 Cl 0.000000 19.670000 11.240000 0.0 0.0 0.0
107 Na 0.000000 16.860000 16.860000 0.0 0.0 0.0
108 Na 0.000000 19.670000 19.670000 0.0 0.0 0.0
109 Na 2.810000 19.670000 16.860000 0.0 0.0 0.0
110 Na 2.810000 16.860000 19.670000 0.0 0.0 0.0
111 Cl 2.810000 19.670000 19.670000 0.0 0.0 0.0
112 Cl 2.810000 16.860000 16.860000 0.0 0.0 0.0
113 Cl 0.000000 16.860000 19.670000 0.0 0.0 0.0
114 Cl 0.000000 19.670000 16.860000 0.0 0.0 0.0
115 Na 5.620000 0.000000 0.000000 0.0 0.0 0.0
116 Na 5.620000 2.810000 2.810000 0.0 0.0 0.0
117 Na 8.430000 2.810000 0.000000 0.0 0.0 0.0
118 Na 8.430000 0.000000 2.810000 0.0 0.0 0.0
119 Cl 8.430000 2.810000 2.810000 0.0 0.0 0.0
120 Cl 8.430000 0.000000 0.000000 0.0 0.0 0.0
121 Cl 5.620000 0.000000 2.810000 0.0 0.0 0.0
122 Cl 5.620000 2.810000 0.000000 0.0 0.0 0.0
123 Na 5.620000 0.000000 5.620000 0.0 0.0 0.0
124 Na 5.620000 2.810000 8.430000 0.0 0.0 0.0
125 Na 8.430000 2.810000 5.620000 0.0 0.0 0.0
126 Na 8.430000 0.000000 8.430000 0.0 0.0 0.0
127 Cl 8.430000 2.810000 8.430000 0.0 0.0 0.0
128 Cl 8.430000 0.000000 5.620000 0.0 0.0 0.0
129 Cl 5.620000 0.000000 8.430000 0.0 0.0 0.0
130 Cl 5.620000 2.810000 5.620000 0.0 0.0 0.0
131 Na 5.620000 2.810000 14.050000 0.0 0.0 0.0
132 Na 8.430000 2.810000 11.240000 0.0 0.0 0.0
133 Na 8.430000 0.000000 14.050000 0.0 0.0 0.0
134 Cl 8.430000 0.000000 11.240000 0.0 0.0 0.0
135 Cl 5.620000 0.000000 14.050000 0.0 0.0 0.0
136 Cl 5.620000 2.810000 11.240000 0.0 0.0 0.0
137 Na 5.620000 2.810000 19.670000 0.0 0.0 0.0
138 Na 8.430000 2.810000 16.860000 0.0 0.0 0.0
139 Na 8.430000 0.000000 19.670000 0.0 0.0 0.0
140 Cl 8.430000 0.000000 16.860000 0.0 0.0 0.0
141 Cl 5.620000 0.000000 19.670000 0.0 0.0 0.0
142 Cl 5.620000 2.810000 16.860000 0.0 0.0 0.0
143 Na 5.620000 5.620000 0.000000 0.0 0.0 0.0
144 Na 5.620000 8.430000 2.810000 0.0 0.0 0.0
145 Na 8.430000 8.430000 0.000000 0.0 0.0 0.0
146 Na 8.430000 5.620000 2.810000 0.0 0.0 0.0
147 Cl 8.430000 8.430000 2.810000 0.0 0.0 0.0
148 Cl 8.430000 5.620000 0.000000 0.0 0.0 0.0
149 Cl 5.620000 5.620000 2.810000 0.0 0.0 0.0
150 Cl 5.620000 8.430000 0.000000 0.0 0.0 0.0
151 Na 5.620000 8.430000 8.430000 0.0 0.0 0.0
152 Na 8.430000 8.430000 5.620000 0.0 0.0 0.0
153 Na 8.430000 5.620000 8.430000 0.0 0.0 0.0
154 Cl 8.430000 8.430000 8.430000 0.0 0.0 0.0
155 Cl 8.430000 5.620000 5.620000 0.0 0.0 0.0
156 Cl 5.620000 5.620000 8.430000 0.0 0.0 0.0
157 Na 5.620000 5.620000 11.240000 0.0 0.0 0.0
158 Na 5.620000 8.430000 14.050000 0.0 0.0 0.0
159 Na 8.430000 8.430000 11.240000 0.0 0.0 0.0
160 Na 8.430000 5.620000 14.050000 0.0 0.0 0.0
161 Cl 8.430000 8.430000 14.050000 0.0 0.0 0.0
162 Cl 8.430000 5.620000 11.240000 0.0 0.0 0.0
163 Cl 5.620000 5.620000 14.050000 0.0 0.0 0.0
164 Cl 5.620000 8.430000 11.240000 0.0 0.0 0.0
165 Na 5.620000 5.620000 16.860000 0.0 0.0 0.0
166 Na 5.620000 8.430000 19.670000 0.0 0.0 0.0
167 Na 8.430000 8.430000 16.860000 0.0 0.0 0.0
168 Cl 8.430000 5.620000 16.860000 0.0 0.0 0.0
169 Cl 5.620000 5.620000 19.670000 0.0 0.0 0.0
170 Cl 5.620000 8.430000 16.860000 0.0 0.0 0.0
171 Na 5.620000 11.240000 0.000000 0.0 0.0 0.0
172 Na 8.430000 14.050000 0.000000 0.0 0.0 0.0
173 Na 8.430000 11.240000 2.810000 0.0 0.0 0.0
174 Cl 8.430000 14.050000 2.810000 0.0 0.0 0.0
175 Cl 8.430000 11.240000 0.000000 0.0 0.0 0.0
176 Cl 5.620000 11.240000 2.810000 0.0 0.0 0.0
177 Na 5.620000 11.240000 5.620000 0.0 0.0 0.0
178 Na 8.430000 14.050000 5.620000 0.0 0.0 0.0
179 Na 8.430000 11.240000 8.430000 0.0 0.0 0.0
180 Cl 8.430000 14.050000 8.430000 0.0 0.0 0.0
181 Cl 8.430000 11.240000 5.620000 0.0 0.0 0.0
182 Cl 5.620000 11.240000 8.430000 0.0 0.0 0.0
183 Na 5.620000 11.240000 11.240000 0.0 0.0 0.0
184 Na 5.620000 14.050000 14.050000 0.0 0.0 0.0
185 Na 8.430000 14.050000 11.240000 0.0 0.0 0.0
186 Na 8.430000 11.240000 14.050000 0.0 0.0 0.0
187 Cl 8.430000 14.050000 14.050000 0.0 0.0 0.0
188 Cl 8.430000 11.240000 11.240000 0.0 0.0 0.0
189 Cl 5.620000 11.240000 14.050000 0.0 0.0 0.0
190 Cl 5.620000 14.050000 11.240000 0.0 0.0 0.0
191 Na 5.620000 11.240000 16.860000 0.0 0.0 0.0
192 Na 5.620000 14.050000 19.670000 0.0 0.0 0.0
193 Na 8.430000 14.050000 16.860000 0.0 0.0 0.0
194 Na 8.430000 11.240000 19.670000 0.0 0.0 0.0
195 Cl 8.430000 14.050000 19.670000 0.0 0.0 0.0
196 Cl 8.430000 11.240000 16.860000 0.0 0.0 0.0
197 Cl 5.620000 11.240000 19.670000 0.0 0.0 0.0
198 Cl 5.620000 14.050000 16.860000 0.0 0.0 0.0
199 Na 5.620000 16.860000 0.000000 0.0 0.0 0.0
200 Na 5.620000 19.670000 2.810000 0.0 0.0 0.0
201 Na 8.430000 19.670000 0.000000 0.0 0.0 0.0
202 Na 8.430000 16.860000 2.810000 0.0 0.0 0.0
203 Cl 8.430000 19.670000 2.810000 0.0 0.0 0.0
204 Cl 8.430000 16.860000 0.000000 0.0 0.0 0.0
205 Cl 5.620000 16.860000 2.810000 0.0 0.0 0.0
206 Cl 5.620000 19.670000 0.000000 0.0 0.0 0.0
207 Na 5.620000 19.670000 8.430000 0.0 0.0 0.0
208 Na 8.430000 19.670000 5.620000 0.0 0.0 0.0
209 Na 8.430000 16.860000 8.430000 0.0 0.0 0.0
210 Cl 8.430000 16.860000 5.620000 0.0 0.0 0.0
211 Cl 5.620000 16.860000 8.430000 0.0 0.0 0.0
212 Cl 5.620000 19.670000 5.620000 0.0 0.0 0.0
213 Na 5.620000 16.860000 11.240000 0.0 0.0 0.0
214 Na 8.430000 19.670000 11.240000 0.0 0.0 0.0
215 Na 8.430000 16.860000 14.050000 0.0 0.0 0.0
216 Cl 8.430000 19.670000 14.050000 0.0 0.0 0.0
217 Cl 8.430000 16.860000 11.240000 0.0 0.0 0.0
218 Cl 5.620000 16.860000 14.050000 0.0 0.0 0.0
219 Na 5.620000 16.860000 16.860000 0.0 0.0 0.0
220 Na 5.620000 19.670000 19.670000 0.0 0.0 0.0
221 Na 8.430000 19.670000 16.860000 0.0 0.0 0.0
222 Na 8.430000 16.860000 19.670000 0.0 0.0 0.0
223 Cl 8.430000 19.670000 19.670000 0.0 0.0 0.0
224 Cl 8.430000 16.860000 16.860000 0.0 0.0 0.0
225 Cl 5.620000 16.860000 19.670000 0.0 0.0 0.0
226 Cl 5.620000 19.670000 16.860000 0.0 0.0 0.0
227 Na 11.240000 2.810000 2.810000 0.0 0.0 0.0
228 Na 14.050000 2.810000 0.000000 0.0 0.0 0.0
229 Na 14.050000 0.000000 2.810000 0.0 0.0 0.0
230 Cl 14.050000 2.810000 2.810000 0.0 0.0 0.0
231 Cl 14.050000 0.000000 0.000000 0.0 0.0 0.0
232 Cl 11.240000 2.810000 0.000000 0.0 0.0 0.0
233 Na 11.240000 0.000000 5.620000 0.0 0.0 0.0
234 Na 11.240000 2.810000 8.430000 0.0 0.0 0.0
235 Na 14.050000 2.810000 5.620000 0.0 0.0 0.0
236 Na 14.050000 0.000000 8.430000 0.0 0.0 0.0
237 Cl 14.050000 2.810000 8.430000 0.0 0.0 0.0
238 Cl 14.050000 0.000000 5.620000 0.0 0.0 0.0
239 Cl 11.240000 0.000000 8.430000 0.0 0.0 0.0
240 Cl 11.240000 2.810000 5.620000 0.0 0.0 0.0
241 Na 11.240000 0.000000 11.240000 0.0 0.0 0.0
242 Na 11.240000 2.810000 14.050000 0.0 0.0 0.0
243 Na 14.050000 0.000000 14.050000 0.0 0.0 0.0
244 Cl 14.050000 2.810000 14.050000 0.0 0.0 0.0
245 Cl 14.050000 0.000000 11.240000 0.0 0.0 0.0
246 Cl 11.240000 0.000000 14.050000 0.0 0.0 0.0
247 Na 11.240000 0.000000 16.860000 0.0 0.0 0.0
248 Na 11.240000 2.810000 19.670000 0.0 0.0 0.0
249 Na 14.050000 2.810000 16.860000 0.0 0.0 0.0
250 Na 14.050000 0.000000 19.670000 0.0 0.0 0.0
251 Cl 14.050000 2.810000 19.670000 0.0 0.0 0.0
252 Cl 14.050000 0.000000 16.860000 0.0 0.0 0.0
253 Cl 11.240000 0.000000 19.670000 0.0 0.0 0.0
254 Cl 11.240000 2.810000 16.860000 0.0 0.0 0.0
255 Na 11.240000 5.620000 0.000000 0.0 0.0 0.0
256 Na 11.240000 8.430000 2.810000 0.0 0.0 0.0
257 Na 14.050000 8.430000 0.000000 0.0 0.0 0.0
258 Na 14.050000 5.620000 2.810000 0.0 0.0 0.0
259 Cl 14.050000 8.430000 2.810000 0.0 0.0 0.0
260 Cl 14.050000 5.620000 0.000000 0.0 0.0 0.0
261 Cl 11.240000 5.620000 2.810000 0.0 0.0 0.0
262 Cl 11.240000 8.430000 0.000000 0.0 0.0 0.0
263 Na 11.240000 5.620000 5.620000 0.0 0.0 0.0
264 Na 14.050000 8.430000 5.620000 0.0 0.0 0.0
265 Na 14.050000 5.620000 8.430000 0.0 0.0 0.0
266 Cl 14.050000 8.430000 8.430000 0.0 0.0 0.0
267 Cl 14.050000 5.620000 5.620000 0.0 0.0 0.0
268 Cl 11.240000 5.620000 8.430000 0.0 0.0 0.0
269 Na 11.240000 5.620000 11.240000 0.0 0.0 0.0
270 Na 11.240000 8.430000 14.050000 0.0 0.0 0.0
271 Na 14.050000 8.430000 11.240000 0.0 0.0 0.0
272 Na 14.050000 5.620000 14.050000 0.0 0.0 0.0
273 Cl 14.050000 8.430000 14.050000 0.0 0.0 0.0
274 Cl 14.050000 5.620000 11.240000 0.0 0.0 0.0
275 Cl 11.240000 5.620000 14.050000 0.0 0.0 0.0
276 Cl 11.240000 8.430000 11.240000 0.0 0.0 0.0
277 Na 11.240000 5.620000 16.860000 0.0 0.0 0.0
278 Na 11.240000 8.430000 19.670000 0.0 0.0 0.0
279 Na 14.050000 5.620000 19.670000 0.0 0.0 0.0
280 Cl 14.050000 5.620000 16.860000 0.0 0.0 0.0
281 Cl 11.240000 5.620000 19.670000 0.0 0.0 0.0
282 Cl 11.240000 8.430000 16.860000 0.0 0.0 0.0
283 Na 11.240000 11.240000 0.000000 0.0 0.0 0.0
284 Na 11.240000 14.050000 2.810000 0.0 0.0 0.0
285 Na 14.050000 14.050000 0.000000 0.0 0.0 0.0
286 Na 14.050000 11.240000 2.810000 0.0 0.0 0.0
287 Cl 14.050000 14.050000 2.810000 0.0 0.0 0.0
288 Cl 14.050000 11.240000 0.000000 0.0 0.0 0.0
289 Cl 11.240000 11.240000 2.810000 0.0 0.0 0.0
290 Cl 11.240000 14.050000 0.000000 0.0 0.0 0.0
291 Na 11.240000 11.240000 5.620000 0.0 0.0 0.0
292 Na 11.240000 14.050000 8.430000 0.0 0.0 0.0
293 Na 14.050000 14.050000 5.620000 0.0 0.0 0.0
294 Na 14.050000 11.240000 8.430000 0.0 0.0 0.0
295 Cl 14.050000 14.050000 8.430000 0.0 0.0 0.0
296 Cl 14.050000 11.240000 5.620000 0.0 0.0 0.0
297 Cl 11.240000 11.240000 8.430000 0.0 0.0 0.0
298 Cl 11.240000 14.050000 5.620000 0.0 0.0 0.0
299 Na 11.240000 11.240000 11.240000 0.0 0.0 0.0
300 Na 11.240000 14.050000 14.050000 0.0 0.0 0.0
301 Na 14.050000 14.050000 11.240000 0.0 0.0 0.0
302 Na 14.050000 11.240000 14.050000 0.0 0.0 0.0
303 Cl 14.050000 14.050000 14.050000 0.0 0.0 0.0
304 Cl 14.050000 11.240000 11.240000 0.0 0.0 0.0
305 Cl 11.240000 11.240000 14.050000 0.0 0.0 0.0
306 Cl 11.240000 14.050000 11.240000 0.0 0.0 0.0
307 Na 11.240000 11.240000 16.860000 0.0 0.0 0.0
308 Na 11.240000 14.050000 19.670000 0.0 0.0 0.0
309 Na 14.050000 14.050000 16.860000 0.0 0.0 0.0
310 Na 14.050000 11.240000 19.670000 0.0 0.0 0.0
311 Cl 14.050000 14.050000 19.670000 0.0 0.0 0.0
312 Cl 14.050000 11.240000 16.860000 0.0 0.0 0.0
313 Cl 11.240000 11.240000 19.670000 0.0 0.0 0.0
314 Cl 11.240000 14.050000 16.860000 0.0 0.0 0.0
315 Na 11.240000 16.860000 0.000000 0.0 0.0 0.0
316 Na 11.240000 19.670000 2.810000 0.0 0.0 0.0
317 Na 14.050000 19.670000 0.000000 0.0 0.0 0.0
318 Na 14.050000 16.860000 2.810000 0.0 0.0 0.0
319 Cl 14.050000 19.670000 2.810000 0.0 0.0 0.0
320 Cl 14.050000 16.860000 0.000000 0.0 0.0 0.0
321 Cl 11.240000 16.860000 2.810000 0.0 0.0 0.0
322 Cl 11.240000 19.670000 0.000000 0.0 0.0 0.0
323 Na 11.240000 19.670000 8.430000 0.0 0.0 0.0
324 Na 14.050000 19.670000 5.620000 0.0 0.0 0.0
325 Na 14.050000 16.860000 8.430000 0.0 0.0 0.0
326 Cl 14.050000 19.670000 8.430000 0.0 0.0 0.0
327 Cl 14.050000 16.860000 5.620000 0.0 0.0 0.0
328 Cl 11.240000 19.670000 5.620000 0.0 0.0 0.0
329 Na 11.240000 16.860000 11.240000 0.0 0.0 0.0
330 Na 11.240000 19.670000 14.050000 0.0 0.0 0.0
331 Na 14.050000 16.860000 14.050000 0.0 0.0 0.0
332 Cl 14.050000 19.670000 14.050000 0.0 0.0 0.0
333 Cl 14.050000 16.860000 11.240000 0.0 0.0 0.0
334 Cl 11.240000 16.860000 14.050000 0.0 0.0 0.0
335 Na 11.240000 16.860000 16.860000 0.0 0.0 0.0
336 Na 11.240000 19.670000 19.670000 0.0 0.0 0.0
337 Na 14.050000 19.670000 16.860000 0.0 0.0 0.0
338 Na 14.050000 16.860000 19.670000 0.0 0.0 0.0
339 Cl 14.050000 19.670000 19.670000 0.0 0.0 0.0
340 Cl 14.050000 16.860000 16.860000 0.0 0.0 0.0
341 Cl 11.240000 16.860000 19.670000 0.0 0.0 0.0
342 Cl 11.240000 19.670000 16.860000 0.0 0.0 0.0
343 Na 16.860000 0.000000 0.000000 0.0 0.0 0.0
344 Na 19.670000 2.810000 0.000000 0.0 0.0 0.0
345 Na 19.670000 0.000000 2.810000 0.0 0.0 0.0
346 Cl 19.670000 2.810000 2.810000 0.0 0.0 0.0
347 Cl 19.670000 0.000000 0.000000 0.0 0.0 0.0
348 Cl 16.860000 2.810000 0.000000 0.0 0.0 0.0
349 Na 16.860000 0.000000 5.620000 0.0 0.0 0.0
350 Na 16.860000 2.810000 8.430000 0.0 0.0 0.0
351 Na 19.670000 2.810000 5.620000 0.0 0.0 0.0
352 Na 19.670000 0.000000 8.430000 0.0 0.0 0.0
353 Cl 19.670000 2.810000 8.430000 0.0 0.0 0.0
354 Cl 19.670000 0.000000 5.620000 0.0 0.0 0.0
355 Cl 16.860000 0.000000 8.430000 0.0 0.0 0.0
356 Cl 16.860000 2.810000 5.620000 0.0 0.0 0.0
357 Na 16.860000 0.000000 11.240000 0.0 0.0 0.0
358 Na 16.860000 2.810000 14.050000 0.0 0.0 0.0
359 Na 19.670000 0.000000 14.050000 0.0 0.0 0.0
360 Cl 19.670000 2.810000 14.050000 0.0 0.0 0.0
361 Cl 19.670000 0.000000 11.240000 0.0 0.0 0.0
362 Cl 16.860000 0.000000 14.050000 0.0 0.0 0.0
363 Na 16.860000 0.000000 16.860000 0.0 0.0 0.0
364 Na 16.860000 2.810000 19.670000 0.0 0.0 0.0
365 Na 19.670000 2.810000 16.860000 0.0 0.0 0.0
366 Na 19.670000 0.000000 19.670000 0.0 0.0 0.0
367 Cl 19.670000 2.810000 19.670000 0.0 0.0 0.0
368 Cl 19.670000 0.000000 16.860000 0.0 0.0 0.0
369 Cl 16.860000 0.000000 19.670000 0.0 0.0 0.0
370 Cl 16.860000 2.810000 16.860000 0.0 0.0 0.0
371 Na 16.860000 5.620000 0.000000 0.0 0.0 0.0
372 Na 16.860000 8.430000 2.810000 0.0 0.0 0.0
373 Na 19.670000 8.430000 0.000000 0.0 0.0 0.0
374 Na 19.670000 5.620000 2.810000 0.0 0.0 0.0
375 Cl 19.670000 8.430000 2.810000 0.0 0.0 0.0
376 Cl 19.670000 5.620000 0.000000 0.0 0.0 0.0
377 Cl 16.860000 5.620000 2.810000 0.0 0.0 0.0
378 Cl 16.860000 8.430000 0.000000 0.0 0.0 0.0
379 Na 16.860000 5.620000 5.620000 0.0 0.0 0.0
380 Na 16.860000 8.430000 8.430000 0.0 0.0 0.0
381 Na 19.670000 8.430000 5.620000 0.0 0.0 0.0
382 Na 19.670000 5.620000 8.430000 0.0 0.0 0.0
383 Cl 19.670000 8.430000 8.430000 0.0 0.0 0.0
384 Cl 19.670000 5.620000 5.620000 0.0 0.0 0.0
385 Cl 16.860000 5.620000 8.430000 0.0 0.0 0.0
386 Cl 16.860000 8.430000 5.620000 0.0 0.0 0.0
387 Na 16.860000 5.620000 11.240000 0.0 0.0 0.0
388 Na 19.670000 8.430000 11.240000 0.0 0.0 0.0
389 Na 19.670000 5.620000 14.050000 0.0 0.0 0.0
390 Cl 19.670000 8.430000 14.050000 0.0 0.0 0.0
391 Cl 19.670000 5.620000 11.240000 0.0 0.0 0.0
392 Cl 16.860000 8.430000 11.240000 0.0 0.0 0.0
393 Na 16.860000 8.430000 19.670000 0.0 0.0 0.0
394 Na 19.670000 8.430000 16.860000 0.0 0.0 0.0
395 Na 19.670000 5.620000 19.670000 0.0 0.0 0.0
396 Cl 19.670000 5.620000 16.860000 0.0 0.0 0.0
397 Cl 16.860000 5.620000 19.670000 0.0 0.0 0.0
398 Cl 16.860000 8.430000 16.860000 0.0 0.0 0.0
399 Na 16.860000 14.050000 2.810000 0.0 0.0 0.0
400 Na 19.670000 14.050000 0.000000 0.0 0.0 0.0
401 Na 19.670000 11.240000 2.810000 0.0 0.0 0.0
402 Cl 19.670000 14.050000 2.810000 0.0 0.0 0.0
403 Cl 19.670000 11.240000 0.000000 0.0 0.0 0.0
404 Cl 16.860000 11.240000 2.810000 0.0 0.0 0.0
405 Na 16.860000 11.240000 5.620000 0.0 0.0 0.0
406 Na 16.860000 14.050000 8.430000 0.0 0.0 0.0
407 Na 19.670000 14.050000 5.620000 0.0 0.0 0.0
408 Na 19.670000 11.240000 8.430000 0.0 0.0 0.0
409 Cl 19.670000 14.050000 8.430000 0.0 0.0 0.0
410 Cl 19.670000 11.240000 5.620000 0.0 0.0 0.0
411 Cl 16.860000 11.240000 8.430000 0.0 0.0 0.0
412 Cl 16.860000 14.050000 5.620000 0.0 0.0 0.0
413 Na 16.860000 11.240000 11.240000 0.0 0.0 0.0
414 Na 16.860000 14.050000 14.050000 0.0 0.0 0.0
415 Na 19.670000 11.240000 14.050000 0.0 0.0 0.0
416 Cl 19.670000 14.050000 14.050000 0.0 0.0 0.0
417 Cl 16.860000 11.240000 14.050000 0.0 0.0 0.0
418 Cl 16.860000 14.050000 11.240000 0.0 0.0 0.0
419 Na 16.860000 11.240000 16.860000 0.0 0.0 0.0
420 Na 16.860000 14.050000 19.670000 0.0 0.0 0.0
421 Na 19.670000 14.050000 16.860000 0.0 0.0 0.0
422 Na 19.670000 11.240000 19.670000 0.0 0.0 0.0
423 Cl 19.670000 14.050000 19.670000 0.0 0.0 0.0
424 Cl 19.670000 11.240000 16.860000 0.0 0.0 0.0
425 Cl 16.860000 11.240000 19.670000 0.0 0.0 0.0
426 Cl 16.860000 14.050000 16.860000 0.0 0.0 0.0
427 Na 16.860000 16.860000 0.000000 0.0 0.0 0.0
428 Na 16.860000 19.670000 2.810000 0.0 0.0 0.0
429 Na 19.670000 16.860000 2.810000 0.0 0.0 0.0
430 Cl 19.670000 19.670000 2.810000 0.0 0.0 0.0
431 Cl 19.670000 16.860000 0.000000 0.0 0.0 0.0
432 Cl 16.860000 19.670000 0.000000 0.0 0.0 0.0
433 Na 16.860000 16.860000 5.620000 0.0 0.0 0.0
434 Na 16.860000 19.670000 8.430000 0.0 0.0 0.0
435 Na 19.670000 19.670000 5.620000 0.0 0.0 0.0
436 Cl 19.670000 16.860000 5.620000 0.0 0.0 0.0
437 Cl 16.860000 16.860000 8.430000 0.0 0.0 0.0
438 Cl 16.860000 19.670000 5.620000 0.0 0.0 0.0
439 Na 16.860000 16.860000 11.240000 0.0 0.0 0.0
440 Na 16.860000 19.670000 14.050000 0.0 0.0 0.0
441 Na 19.670000 19.670000 11.240000 0.0 0.0 0.0
442 Na 19.670000 16.860000 14.050000 0.0 0.0 0.0
443 Cl 19.670000 19.670000 14.050000 0.0 0.0 0.0
444 Cl 19.670000 16.860000 11.240000 0.0 0.0 0.0
445 Cl 16.860000 16.860000 14.050000 0.0 0.0 0.0
446 Cl 16.860000 19.670000 11.240000 0.0 0.0 0.0
447 Na 16.860000 16.860000 16.860000 0.0 0.0 0.0
448 Na 16.860000 19.670000 19.670000 0.0 0.0 0.0
449 Na 19.670000 19.670000 16.860000 0.0 0.0 0.0
450 Na 19.670000 16.860000 19.670000 0.0 0.0 0.0
451 Cl 19.670000 19.670000 19.670000 0.0 0.0 0.0
452 Cl 19.670000 16.860000 16.860000 0.0 0.0 0.0
453 Cl 16.860000 16.860000 19.670000 0.0 0.0 0.0
454 Cl 16.860000 19.670000 16.860000 0.0 0.0 0.0
