#ATOMDATA Id type x=3 u=3
#INPUTCONV temp 0.5822
#INPUTCONV moment 1
#INPUTCONV angmoment 1
1 Na 0.000000 2.810000 2.810000 0.0 0.0 0.0
2 Na 2.810000 2.810000 0.000000 0.0 0.0 0.0
3 Na 2.810000 0.000000 2.810000 0.0 0.0 0.0
4 Cl 2.810000 2.810000 2.810000 0.0 0.0 0.0
5 Cl 2.810000 0.000000 0.000000 0.0 0.0 0.0
6 Cl 0.000000 0.000000 2.810000 0.0 0.0 0.0
7 Na 0.000000 0.000000 5.620000 0.0 0.0 0.0
8 Na 0.000000 2.810000 8.430000 0.0 0.0 0.0
9 Na 2.810000 2.810000 5.620000 0.0 0.0 0.0
10 Na 2.810000 0.000000 8.430000 0.0 0.0 0.0
11 Cl 2.810000 2.810000 8.430000 0.0 0.0 0.0
12 Cl 2.810000 0.000000 5.620000 0.0 0.0 0.0
13 Cl 0.000000 0.000000 8.430000 0.0 0.0 0.0
14 Cl 0.000000 2.810000 5.620000 0.0 0.0 0.0
15 Na 0.000000 2.810000 14.050000 0.0 0.0 0.0
16 Na 2.810000 2.810000 11.240000 0.0 0.0 0.0
17 Na 2.810000 0.000000 14.050000 0.0 0.0 0.0
18 Cl 2.810000 2.810000 14.050000 0.0 0.0 0.0
19 Cl 2.810000 0.000000 11.240000 0.0 0.0 0.0
20 Cl 0.000000 2.810000 11.240000 0.0 0.0 0.0
21 Na 0.000000 0.000000 16.860000 0.0 0.0 0.0
22 Na 0.000000 2.810000 19.670000 0.0 0.0 0.0
23 Na 2.810000 0.000000 19.670000 0.0 0.0 0.0
24 Cl 2.810000 2.810000 19.670000 0.0 0.0 0.0
25 Cl 2.810000 0.000000 16.860000 0.0 0.0 0.0
26 Cl 0.000000 0.000000 19.670000 0.0 0.0 0.0
27 Na 0.000000 5.620000 0.000000 0.0 0.0 0.0
28 Na 2.810000 8.430000 0.000000 0.0 0.0 0.0
29 Na 2.810000 5.620000 2.810000 0.0 0.0 0.0
30 Cl 2.810000 8.430000 2.810000 0.0 0.0 0.0
31 Cl 2.810000 5.620000 0.000000 0.0 0.0 0.0
32 Cl 0.000000 5.620000 2.810000 0.0 0.0 0.0
33 Na 0.000000 5.620000 5.620000 0.0 0.0 0.0
34 Na 0.000000 8.430000 8.430000 0.0 0.0 0.0
35 Na 2.810000 8.430000 5.620000 0.0 0.0 0.0
36 Na 2.810000 5.620000 8.430000 0.0 0.0 0.0
37 Cl 2.810000 8.430000 8.430000 0.0 0.0 0.0
38 Cl 2.810000 5.620000 5.620000 0.0 0.0 0.0
39 Cl 0.000000 5.620000 8.430000 0.0 0.0 0.0
40 Cl 0.000000 8.430000 5.620000 0.0 0.0 0.0
41 Na 0.000000 8.430000 14.050000 0.0 0.0 0.0
42 Na 2.810000 8.430000 11.240000 0.0 0.0 0.0
43 Na 2.810000 5.620000 14.050000 0.0 0.0 0.0
44 Cl 2.810000 8.430000 14.050000 0.0 0.0 0.0
45 Cl 2.810000 5.620000 11.240000 0.0 0.0 0.0
46 Cl 0.000000 5.620000 14.050000 0.0 0.0 0.0
47 Na 0.000000 8.430000 19.670000 0.0 0.0 0.0
48 Na 2.810000 8.430000 16.860000 0.0 0.0 0.0
49 Na 2.810000 5.620000 19.670000 0.0 0.0 0.0
50 Cl 2.810000 8.430000 19.670000 0.0 0.0 0.0
51 Cl 0.000000 5.620000 19.670000 0.0 0.0 0.0
52 Cl 0.000000 8.430000 16.860000 0.0 0.0 0.0
53 Na 0.000000 11.240000 0.000000 0.0 0.0 0.0
54 Na 2.810000 14.050000 0.000000 0.0 0.0 0.0
55 Na 2.810000 11.240000 2.810000 0.0 0.0 0.0
56 Cl 2.810000 14.050000 2.810000 0.0 0.0 0.0
57 Cl 2.810000 11.240000 0.000000 0.0 0.0 0.0
58 Cl 0.000000 14.050000 0.000000 0.0 0.0 0.0
59 Na 0.000000 11.240000 5.620000 0.0 0.0 0.0
60 Na 0.000000 14.050000 8.430000 0.0 0.0 0.0
61 Na 2.810000 14.050000 5.620000 0.0 0.0 0.0
62 Na 2.810000 11.240000 8.430000 0.0 0.0 0.0
63 Cl 2.810000 14.050000 8.430000 0.0 0.0 0.0
64 Cl 2.810000 11.240000 5.620000 0.0 0.0 0.0
65 Cl 0.000000 11.240000 8.430000 0.0 0.0 0.0
66 Cl 0.000000 14.050000 5.620000 0.0 0.0 0.0
67 Na 0.000000 11.240000 11.240000 0.0 0.0 0.0
68 Na 0.000000 14.050000 14.050000 0.0 0.0 0.0
69 Na 2.810000 11.240000 14.050000 0.0 0.0 0.0
70 Cl 2.810000 11.240000 11.240000 0.0 0.0 0.0
71 Cl 0.000000 11.240000 14.050000 0.0 0.0 0.0
72 Cl 0.000000 14.050000 11.240000 0.0 0.0 0.0
73 Na 0.000000 11.240000 16.860000 0.0 0.0 0.0
74 Na 2.810000 14.050000 16.860000 0.0 0.0 0.0
75 Na 2.810000 11.240000 19.670000 0.0 0.0 0.0
76 Cl 2.810000 11.240000 16.860000 0.0 0.0 0.0
77 Cl 0.000000 11.240000 19.670000 0.0 0.0 0.0
78 Cl 0.000000 14.050000 16.860000 0.0 0.0 0.0
79 Na 0.000000 16.860000 0.000000 0.0 0.0 0.0
80 Na 2.810000 19.670000 0.000000 0.0 0.0 0.0
81 Na 2.810000 16.860000 2.810000 0.0 0.0 0.0
82 Cl 2.810000 16.860000 0.000000 0.0 0.0 0.0
83 Cl 0.000000 16.860000 2.810000 0.0 0.0 0.0
84 Cl 0.000000 19.670000 0.000000 0.0 0.0 0.0
85 Na 0.000000 16.860000 5.620000 0.0 0.0 0.0
86 Na 0.000000 19.670000 8.430000 0.0 0.0 0.0
87 Na 2.810000 19.670000 5.620000 0.0 0.0 0.0
88 Na 2.810000 16.860000 8.430000 0.0 0.0 0.0
89 Cl 2.810000 19.670000 8.430000 0.0 0.0 0.0
90 Cl 2.810000 16.860000 5.620000 0.0 0.0 0.0
91 Cl 0.000000 16.860000 8.430000 0.0 0.0 0.0
92 Cl 0.000000 19.670000 5.620000 0.0 0.0 0.0
93 Na 0.000000 16.860000 11.240000 0.0 0.0 0.0
94 Na 0.000000 19.670000 14.050000 0.0 0.0 0.0
95 Na 2.810000 19.670000 11.240000 0.0 0.0 0.0
96 Na 2.810000 16.860000 14.050000 0.0 0.0 0.0
97 Cl 2.810000 19.670000 14.050000 0.0 0.0 0.0
98 Cl 2.810000 16.860000 11.240000 0.0 0.0 0.0
99 Cl 0.000000 16.860000 14.050000 0.0 0.0 0.0
100 Cl 0.000000 19.670000 11.240000 0.0 0.0 0.0
101 Na 0.000000 19.670000 19.670000 0.0 0.0 0.0
102 Na 2.810000 19.670000 16.860000 0.0 0.0 0.0
103 Na 2.810000 16.860000 19.670000 0.0 0.0 0.0
104 Cl 2.810000 19.670000 19.670000 0.0 0.0 0.0
105 Cl 2.810000 16.860000 16.860000 0.0 0.0 0.0
106 Cl 0.000000 19.670000 16.860000 0.0 0.0 0.0
107 Na 5.620000 0.000000 0.000000 0.0 0.0 0.0
108 Na 8.430000 2.810000 0.000000 0.0 0.0 0.0
109 Na 8.430000 0.000000 2.810000 0.0 0.0 0.0
110 Cl 8.430000 0.000000 0.000000 0.0 0.0 0.0
111 Cl 5.620000 0.000000 2.810000 0.0 0.0 0.0
112 Cl 5.620000 2.810000 0.000000 0.0 0.0 0.0
113 Na 5.620000 0.000000 5.620000 0.0 0.0 0.0
114 Na 5.620000 2.810000 8.430000 0.0 0.0 0.0
115 Na 8.430000 2.810000 5.620000 0.0 0.0 0.0
116 Na 8.430000 0.000000 8.430000 0.0 0.0 0.0
117 Cl 8.430000 2.810000 8.430000 0.0 0.0 0.0
118 Cl 8.430000 0.000000 5.620000 0.0 0.0 0.0
119 Cl 5.620000 0.000000 8.430000 0.0 0.0 0.0
120 Cl 5.620000 2.810000 5.620000 0.0 0.0 0.0
121 Na 5.620000 0.000000 11.240000 0.0 0.0 0.0
122 Na 5.620000 2.810000 14.050000 0.0 0.0 0.0
123 Na 8.430000 0.000000 14.050000 0.0 0.0 0.0
124 Cl 8.430000 2.810000 14.050000 0.0 0.0 0.0
125 Cl 8.430000 0.000000 11.240000 0.0 0.0 0.0
126 Cl 5.620000 0.000000 14.050000 0.0 0.0 0.0
127 Na 5.620000 0.000000 16.860000 0.0 0.0 0.0
128 Na 5.620000 2.810000 19.670000 0.0 0.0 0.0
129 Na 8.430000 2.810000 16.860000 0.0 0.0 0.0
130 Cl 8.430000 2.810000 19.670000 0.0 0.0 0.0
131 Cl 8.430000 0.000000 16.860000 0.0 0.0 0.0
132 Cl 5.620000 2.810000 16.860000 0.0 0.0 0.0
133 Na 5.620000 5.620000 0.000000 0.0 0.0 0.0
134 Na 8.430000 8.430000 0.000000 0.0 0.0 0.0
135 Na 8.430000 5.620000 2.810000 0.0 0.0 0.0
136 Cl 8.430000 5.620000 0.000000 0.0 0.0 0.0
137 Cl 5.620000 5.620000 2.810000 0.0 0.0 0.0
138 Cl 5.620000 8.430000 0.000000 0.0 0.0 0.0
139 Na 5.620000 8.430000 8.430000 0.0 0.0 0.0
140 Na 8.430000 8.430000 5.620000 0.0 0.0 0.0
141 Na 8.430000 5.620000 8.430000 0.0 0.0 0.0
142 Cl 8.430000 8.430000 8.430000 0.0 0.0 0.0
143 Cl 8.430000 5.620000 5.620000 0.0 0.0 0.0
144 Cl 5.620000 8.430000 5.620000 0.0 0.0 0.0
145 Na 5.620000 5.620000 11.240000 0.0 0.0 0.0
146 Na 5.620000 8.430000 14.050000 0.0 0.0 0.0
147 Na 8.430000 8.430000 11.240000 0.0 0.0 0.0
148 Cl 8.430000 8.430000 14.050000 0.0 0.0 0.0
149 Cl 8.430000 5.620000 11.240000 0.0 0.0 0.0
150 Cl 5.620000 8.430000 11.240000 0.0 0.0 0.0
151 Na 5.620000 8.430000 19.670000 0.0 0.0 0.0
152 Na 8.430000 8.430000 16.860000 0.0 0.0 0.0
153 Na 8.430000 5.620000 19.670000 0.0 0.0 0.0
154 Cl 8.430000 8.430000 19.670000 0.0 0.0 0.0
155 Cl 8.430000 5.620000 16.860000 0.0 0.0 0.0
156 Cl 5.620000 5.620000 19.670000 0.0 0.0 0.0
157 Na 5.620000 11.240000 0.000000 0.0 0.0 0.0
158 Na 5.620000 14.050000 2.810000 0.0 0.0 0.0
159 Na 8.430000 14.050000 0.000000 0.0 0.0 0.0
160 Na 8.430000 11.240000 2.810000 0.0 0.0 0.0
161 Cl 8.430000 14.050000 2.810000 0.0 0.0 0.0
162 Cl 8.430000 11.240000 0.000000 0.0 0.0 0.0
163 Cl 5.620000 11.240000 2.810000 0.0 0.0 0.0
164 Cl 5.620000 14.050000 0.000000 0.0 0.0 0.0
165 Na 5.620000 11.240000 5.620000 0.0 0.0 0.0
166 Na 8.430000 14.050000 5.620000 0.0 0.0 0.0
167 Na 8.430000 11.240000 8.430000 0.0 0.0 0.0
168 Cl 8.430000 11.240000 5.620000 0.0 0.0 0.0
169 Cl 5.620000 11.240000 8.430000 0.0 0.0 0.0
170 Cl 5.620000 14.050000 5.620000 0.0 0.0 0.0
171 Na 5.620000 11.240000 11.240000 0.0 0.0 0.0
172 Na 5.620000 14.050000 14.050000 0.0 0.0 0.0
173 Na 8.430000 14.050000 11.240000 0.0 0.0 0.0
174 Na 8.430000 11.240000 14.050000 0.0 0.0 0.0
175 Cl 8.430000 14.050000 14.050000 0.0 0.0 0.0
176 Cl 8.430000 11.240000 11.240000 0.0 0.0 0.0
177 Cl 5.620000 11.240000 14.050000 0.0 0.0 0.0
178 Cl 5.620000 14.050000 11.240000 0.0 0.0 0.0
179 Na 5.620000 11.240000 16.860000 0.0 0.0 0.0
180 Na 5.620000 14.050000 19.670000 0.0 0.0 0.0
181 Na 8.430000 14.050000 16.860000 0.0 0.0 0.0
182 Na 8.430000 11.240000 19.670000 0.0 0.0 0.0
183 Cl 8.430000 14.050000 19.670000 0.0 0.0 0.0
184 Cl 8.430000 11.240000 16.860000 0.0 0.0 0.0
185 Cl 5.620000 11.240000 19.670000 0.0 0.0 0.0
186 Cl 5.620000 14.050000 16.860000 0.0 0.0 0.0
187 Na 5.620000 16.860000 0.000000 0.0 0.0 0.0
188 Na 5.620000 19.670000 2.810000 0.0 0.0 0.0
189 Na 8.430000 16.860000 2.810000 0.0 0.0 0.0
190 Cl 8.430000 19.670000 2.810000 0.0 0.0 0.0
191 Cl 8.430000 16.860000 0.000000 0.0 0.0 0.0
192 Cl 5.620000 19.670000 0.000000 0.0 0.0 0.0
193 Na 5.620000 16.860000 5.620000 0.0 0.0 0.0
194 Na 8.430000 19.670000 5.620000 0.0 0.0 0.0
195 Na 8.430000 16.860000 8.430000 0.0 0.0 0.0
196 Cl 8.430000 19.670000 8.430000 0.0 0.0 0.0
197 Cl 8.430000 16.860000 5.620000 0.0 0.0 0.0
198 Cl 5.620000 16.860000 8.430000 0.0 0.0 0.0
199 Na 5.620000 16.860000 11.240000 0.0 0.0 0.0
200 Na 5.620000 19.670000 14.050000 0.0 0.0 0.0
201 Na 8.430000 19.670000 11.240000 0.0 0.0 0.0
202 Cl 8.430000 19.670000 14.050000 0.0 0.0 0.0
203 Cl 8.430000 16.860000 11.240000 0.0 0.0 0.0
204 Cl 5.620000 16.860000 14.050000 0.0 0.0 0.0
205 Na 5.620000 19.670000 19.670000 0.0 0.0 0.0
206 Na 8.430000 19.670000 16.860000 0.0 0.0 0.0
207 Na 8.430000 16.860000 19.670000 0.0 0.0 0.0
208 Cl 8.430000 16.860000 16.860000 0.0 0.0 0.0
209 Cl 5.620000 16.860000 19.670000 0.0 0.0 0.0
210 Cl 5.620000 19.670000 16.860000 0.0 0.0 0.0
211 Na 11.240000 0.000000 0.000000 0.0 0.0 0.0
212 Na 11.240000 2.810000 2.810000 0.0 0.0 0.0
213 Na 14.050000 2.810000 0.000000 0.0 0.0 0.0
214 Cl 14.050000 2.810000 2.810000 0.0 0.0 0.0
215 Cl 14.050000 0.000000 0.000000 0.0 0.0 0.0
216 Cl 11.240000 0.000000 2.810000 0.0 0.0 0.0
217 Na 11.240000 0.000000 5.620000 0.0 0.0 0.0
218 Na 11.240000 2.810000 8.430000 0.0 0.0 0.0
219 Na 14.050000 2.810000 5.620000 0.0 0.0 0.0
220 Na 14.050000 0.000000 8.430000 0.0 0.0 0.0
221 Cl 14.050000 2.810000 8.430000 0.0 0.0 0.0
222 Cl 14.050000 0.000000 5.620000 0.0 0.0 0.0
223 Cl 11.240000 0.000000 8.430000 0.0 0.0 0.0
224 Cl 11.240000 2.810000 5.620000 0.0 0.0 0.0
225 Na 11.240000 2.810000 14.050000 0.0 0.0 0.0
226 Na 14.050000 2.810000 11.240000 0.0 0.0 0.0
227 Na 14.050000 0.000000 14.050000 0.0 0.0 0.0
228 Cl 14.050000 2.810000 14.050000 0.0 0.0 0.0
229 Cl 11.240000 0.000000 14.050000 0.0 0.0 0.0
230 Cl 11.240000 2.810000 11.240000 0.0 0.0 0.0
231 Na 11.240000 0.000000 16.860000 0.0 0.0 0.0
232 Na 11.240000 2.810000 19.670000 0.0 0.0 0.0
233 Na 14.050000 2.810000 16.860000 0.0 0.0 0.0
234 Cl 14.050000 2.810000 19.670000 0.0 0.0 0.0
235 Cl 14.050000 0.000000 16.860000 0.0 0.0 0.0
236 Cl 11.240000 2.810000 16.860000 0.0 0.0 0.0
237 Na 11.240000 5.620000 0.000000 0.0 0.0 0.0
238 Na 14.050000 8.430000 0.000000 0.0 0.0 0.0
239 Na 14.050000 5.620000 2.810000 0.0 0.0 0.0
240 Cl 14.050000 5.620000 0.000000 0.0 0.0 0.0
241 Cl 11.240000 5.620000 2.810000 0.0 0.0 0.0
242 Cl 11.240000 8.430000 0.000000 0.0 0.0 0.0
243 Na 11.240000 5.620000 5.620000 0.0 0.0 0.0
244 Na 14.050000 8.430000 5.620000 0.0 0.0 0.0
245 Na 14.050000 5.620000 8.430000 0.0 0.0 0.0
246 Cl 14.050000 8.430000 8.430000 0.0 0.0 0.0
247 Cl 14.050000 5.620000 5.620000 0.0 0.0 0.0
248 Cl 11.240000 5.620000 8.430000 0.0 0.0 0.0
249 Na 11.240000 5.620000 11.240000 0.0 0.0 0.0
250 Na 11.240000 8.430000 14.050000 0.0 0.0 0.0
251 Na 14.050000 5.620000 14.050000 0.0 0.0 0.0
252 Cl 14.050000 5.620000 11.240000 0.0 0.0 0.0
253 Cl 11.240000 5.620000 14.050000 0.0 0.0 0.0
254 Cl 11.240000 8.430000 11.240000 0.0 0.0 0.0
255 Na 11.240000 5.620000 16.860000 0.0 0.0 0.0
256 Na 11.240000 8.430000 19.670000 0.0 0.0 0.0
257 Na 14.050000 8.430000 16.860000 0.0 0.0 0.0
258 Na 14.050000 5.620000 19.670000 0.0 0.0 0.0
259 Cl 14.050000 8.430000 19.670000 0.0 0.0 0.0
260 Cl 14.050000 5.620000 16.860000 0.0 0.0 0.0
261 Cl 11.240000 5.620000 19.670000 0.0 0.0 0.0
262 Cl 11.240000 8.430000 16.860000 0.0 0.0 0.0
263 Na 11.240000 14.050000 2.810000 0.0 0.0 0.0
264 Na 14.050000 14.050000 0.000000 0.0 0.0 0.0
265 Na 14.050000 11.240000 2.810000 0.0 0.0 0.0
266 Cl 14.050000 14.050000 2.810000 0.0 0.0 0.0
267 Cl 14.050000 11.240000 0.000000 0.0 0.0 0.0
268 Cl 11.240000 14.050000 0.000000 0.0 0.0 0.0
269 Na 11.240000 11.240000 5.620000 0.0 0.0 0.0
270 Na 11.240000 14.050000 8.430000 0.0 0.0 0.0
271 Na 14.050000 14.050000 5.620000 0.0 0.0 0.0
272 Na 14.050000 11.240000 8.430000 0.0 0.0 0.0
273 Cl 14.050000 14.050000 8.430000 0.0 0.0 0.0
274 Cl 14.050000 11.240000 5.620000 0.0 0.0 0.0
275 Cl 11.240000 11.240000 8.430000 0.0 0.0 0.0
276 Cl 11.240000 14.050000 5.620000 0.0 0.0 0.0
277 Na 11.240000 11.240000 11.240000 0.0 0.0 0.0
278 Na 11.240000 14.050000 14.050000 0.0 0.0 0.0
279 Na 14.050000 14.050000 11.240000 0.0 0.0 0.0
280 Na 14.050000 11.240000 14.050000 0.0 0.0 0.0
281 Cl 14.050000 14.050000 14.050000 0.0 0.0 0.0
282 Cl 14.050000 11.240000 11.240000 0.0 0.0 0.0
283 Cl 11.240000 11.240000 14.050000 0.0 0.0 0.0
284 Cl 11.240000 14.050000 11.240000 0.0 0.0 0.0
285 Na 11.240000 11.240000 16.860000 0.0 0.0 0.0
286 Na 11.240000 14.050000 19.670000 0.0 0.0 0.0
287 Na 14.050000 14.050000 16.860000 0.0 0.0 0.0
288 Na 14.050000 11.240000 19.670000 0.0 0.0 0.0
289 Cl 14.050000 14.050000 19.670000 0.0 0.0 0.0
290 Cl 14.050000 11.240000 16.860000 0.0 0.0 0.0
291 Cl 11.240000 11.240000 19.670000 0.0 0.0 0.0
292 Cl 11.240000 14.050000 16.860000 0.0 0.0 0.0
293 Na 11.240000 16.860000 0.000000 0.0 0.0 0.0
294 Na 14.050000 19.670000 0.000000 0.0 0.0 0.0
295 Na 14.050000 16.860000 2.810000 0.0 0.0 0.0
296 Cl 14.050000 19.670000 2.810000 0.0 0.0 0.0
297 Cl 14.050000 16.860000 0.000000 0.0 0.0 0.0
298 Cl 11.240000 16.860000 2.810000 0.0 0.0 0.0
299 Na 11.240000 16.860000 5.620000 0.0 0.0 0.0
300 Na 11.240000 19.670000 8.430000 0.0 0.0 0.0
301 Na 14.050000 19.670000 5.620000 0.0 0.0 0.0
302 Cl 14.050000 19.670000 8.430000 0.0 0.0 0.0
303 Cl 14.050000 16.860000 5.620000 0.0 0.0 0.0
304 Cl 11.240000 16.860000 8.430000 0.0 0.0 0.0
305 Na 11.240000 16.860000 11.240000 0.0 0.0 0.0
306 Na 14.050000 19.670000 11.240000 0.0 0.0 0.0
307 Na 14.050000 16.860000 14.050000 0.0 0.0 0.0
308 Cl 14.050000 19.670000 14.050000 0.0 0.0 0.0
309 Cl 11.240000 16.860000 14.050000 0.0 0.0 0.0
310 Cl 11.240000 19.670000 11.240000 0.0 0.0 0.0
311 Na 11.240000 16.860000 16.860000 0.0 0.0 0.0
312 Na 11.240000 19.670000 19.670000 0.0 0.0 0.0
313 Na 14.050000 19.670000 16.860000 0.0 0.0 0.0
314 Cl 14.050000 19.670000 19.670000 0.0 0.0 0.0
315 Cl 14.050000 16.860000 16.860000 0.0 0.0 0.0
316 Cl 11.240000 19.670000 16.860000 0.0 0.0 0.0
317 Na 16.860000 0.000000 0.000000 0.0 0.0 0.0
318 Na 16.860000 2.810000 2.810000 0.0 0.0 0.0
319 Na 19.670000 2.810000 0.000000 0.0 0.0 0.0
320 Cl 19.670000 2.810000 2.810000 0.0 0.0 0.0
321 Cl 16.860000 0.000000 2.810000 0.0 0.0 0.0
322 Cl 16.860000 2.810000 0.000000 0.0 0.0 0.0
323 Na 16.860000 0.000000 5.620000 0.0 0.0 0.0
324 Na 19.670000 2.810000 5.620000 0.0 0.0 0.0
325 Na 19.670000 0.000000 8.430000 0.0 0.0 0.0
326 Cl 19.670000 0.000000 5.620000 0.0 0.0 0.0
327 Cl 16.860000 0.000000 8.430000 0.0 0.0 0.0
328 Cl 16.860000 2.810000 5.620000 0.0 0.0 0.0
329 Na 16.860000 0.000000 11.240000 0.0 0.0 0.0
330 Na 19.670000 2.810000 11.240000 0.0 0.0 0.0
331 Na 19.670000 0.000000 14.050000 0.0 0.0 0.0
332 Cl 19.670000 0.000000 11.240000 0.0 0.0 0.0
333 Cl 16.860000 0.000000 14.050000 0.0 0.0 0.0
334 Cl 16.860000 2.810000 11.240000 0.0 0.0 0.0
335 Na 16.860000 0.000000 16.860000 0.0 0.0 0.0
336 Na 16.860000 2.810000 19.670000 0.0 0.0 0.0
337 Na 19.670000 2.810000 16.860000 0.0 0.0 0.0
338 Na 19.670000 0.000000 19.670000 0.0 0.0 0.0
339 Cl 19.670000 2.810000 19.670000 0.0 0.0 0.0
340 Cl 19.670000 0.000000 16.860000 0.0 0.0 0.0
341 Cl 16.860000 0.000000 19.670000 0.0 0.0 0.0
342 Cl 16.860000 2.810000 16.860000 0.0 0.0 0.0
343 Na 16.860000 5.620000 0.000000 0.0 0.0 0.0
344 Na 16.860000 8.430000 2.810000 0.0 0.0 0.0
345 Na 19.670000 8.430000 0.000000 0.0 0.0 0.0
346 Na 19.670000 5.620000 2.810000 0.0 0.0 0.0
347 Cl 19.670000 8.430000 2.810000 0.0 0.0 0.0
348 Cl 19.670000 5.620000 0.000000 0.0 0.0 0.0
349 Cl 16.860000 5.620000 2.810000 0.0 0.0 0.0
350 Cl 16.860000 8.430000 0.000000 0.0 0.0 0.0
351 Na 16.860000 5.620000 5.620000 0.0 0.0 0.0
352 Na 19.670000 8.430000 5.620000 0.0 0.0 0.0
353 Na 19.670000 5.620000 8.430000 0.0 0.0 0.0
354 Cl 19.670000 5.620000 5.620000 0.0 0.0 0.0
355 Cl 16.860000 5.620000 8.430000 0.0 0.0 0.0
356 Cl 16.860000 8.430000 5.620000 0.0 0.0 0.0
357 Na 16.860000 5.620000 11.240000 0.0 0.0 0.0
358 Na 16.860000 8.430000 14.050000 0.0 0.0 0.0
359 Na 19.670000 8.430000 11.240000 0.0 0.0 0.0
360 Cl 19.670000 8.430000 14.050000 0.0 0.0 0.0
361 Cl 19.670000 5.620000 11.240000 0.0 0.0 0.0
362 Cl 16.860000 8.430000 11.240000 0.0 0.0 0.0
363 Na 16.860000 5.620000 16.860000 0.0 0.0 0.0
364 Na 16.860000 8.430000 19.670000 0.0 0.0 0.0
365 Na 19.670000 5.620000 19.670000 0.0 0.0 0.0
366 Cl 19.670000 8.430000 19.670000 0.0 0.0 0.0
367 Cl 19.670000 5.620000 16.860000 0.0 0.0 0.0
368 Cl 16.860000 5.620000 19.670000 0.0 0.0 0.0
369 Na 16.860000 14.050000 2.810000 0.0 0.0 0.0
370 Na 19.670000 14.050000 0.000000 0.0 0.0 0.0
371 Na 19.670000 11.240000 2.810000 0.0 0.0 0.0
372 Cl 19.670000 14.050000 2.810000 0.0 0.0 0.0
373 Cl 16.860000 11.240000 2.810000 0.0 0.0 0.0
374 Cl 16.860000 14.050000 0.000000 0.0 0.0 0.0
375 Na 16.860000 14.050000 8.430000 0.0 0.0 0.0
376 Na 19.670000 14.050000 5.620000 0.0 0.0 0.0
377 Na 19.670000 11.240000 8.430000 0.0 0.0 0.0
378 Cl 19.670000 11.240000 5.620000 0.0 0.0 0.0
379 Cl 16.860000 11.240000 8.430000 0.0 0.0 0.0
380 Cl 16.860000 14.050000 5.620000 0.0 0.0 0.0
381 Na 16.860000 11.240000 11.240000 0.0 0.0 0.0
382 Na 16.860000 14.050000 14.050000 0.0 0.0 0.0
383 Na 19.670000 11.240000 14.050000 0.0 0.0 0.0
384 Cl 19.670000 14.050000 14.050000 0.0 0.0 0.0
385 Cl 16.860000 11.240000 14.050000 0.0 0.0 0.0
386 Cl 16.860000 14.050000 11.240000 0.0 0.0 0.0
387 Na 16.860000 11.240000 16.860000 0.0 0.0 0.0
388 Na 16.860000 14.050000 19.670000 0.0 0.0 0.0
389 Na 19.670000 11.240000 19.670000 0.0 0.0 0.0
390 Cl 19.670000 14.050000 19.670000 0.0 0.0 0.0
391 Cl 19.670000 11.240000 16.860000 0.0 0.0 0.0
392 Cl 16.860000 14.050000 16.860000 0.0 0.0 0.0
393 Na 16.860000 16.860000 0.000000 0.0 0.0 0.0
394 Na 16.860000 19.670000 2.810000 0.0 0.0 0.0
395 Na 19.670000 19.670000 0.000000 0.0 0.0 0.0
396 Na 19.670000 16.860000 2.810000 0.0 0.0 0.0
397 Cl 19.670000 19.670000 2.810000 0.0 0.0 0.0
398 Cl 19.670000 16.860000 0.000000 0.0 0.0 0.0
399 Cl 16.860000 16.860000 2.810000 0.0 0.0 0.0
400 Cl 16.860000 19.670000 0.000000 0.0 0.0 0.0
401 Na 16.860000 16.860000 5.620000 0.0 0.0 0.0
402 Na 16.860000 19.670000 8.430000 0.0 0.0 0.0
403 Na 19.670000 19.670000 5.620000 0.0 0.0 0.0
404 Na 19.670000 16.860000 8.430000 0.0 0.0 0.0
405 Cl 19.670000 19.670000 8.430000 0.0 0.0 0.0
406 Cl 19.670000 16.860000 5.620000 0.0 0.0 0.0
407 Cl 16.860000 16.860000 8.430000 0.0 0.0 0.0
408 Cl 16.860000 19.670000 5.620000 0.0 0.0 0.0
409 Na 16.860000 16.860000 11.240000 0.0 0.0 0.0
410 Na 19.670000 19.670000 11.240000 0.0 0.0 0.0
411 Na 19.670000 16.860000 14.050000 0.0 0.0 0.0
412 Cl 19.670000 19.670000 14.050000 0.0 0.0 0.0
413 Cl 19.670000 16.860000 11.240000 0.0 0.0 0.0
414 Cl 16.860000 19.670000 11.240000 0.0 0.0 0.0
415 Na 16.860000 16.860000 16.860000 0.0 0.0 0.0
416 Na 16.860000 19.670000 19.670000 0.0 0.0 0.0
417 Na 19.670000 19.670000 16.860000 0.0 0.0 0.0
418 Na 19.670000 16.860000 19.670000 0.0 0.0 0.0
419 Cl 19.670000 19.670000 19.670000 0.0 0.0 0.0
420 Cl 19.670000 16.860000 16.860000 0.0 0.0 0.0
421 Cl 16.860000 16.860000 19.670000 0.0 0.0 0.0
422 Cl 16.860000 19.670000 16.860000 0.0 0.0 0.0
