# ATOMDATA Id x=3 u=3 type
# Box	8.105000e+01	0.000000e+00	0.000000e+00	0.000000e+00	8.105000e+01	0.000000e+00	0.000000e+00	0.000000e+00	8.105000e+01	
# Time	0.000000e+00	(1.201800e+04)
1	8.006251e+01	1.427527e+01	4.758424e+01	-1.753408e+00	-9.586534e-01	-8.497848e-01	Argon	
2	7.029544e+01	7.599458e+00	5.829292e+01	-1.871608e+00	2.884812e-01	3.803860e-01	Argon	
3	6.610579e+01	2.939266e+00	6.922111e+01	2.449080e+00	-1.537612e-02	7.133995e-01	Argon	
4	7.718596e+01	6.333050e+01	7.303410e+01	-1.027549e+00	1.611800e+00	-1.737087e-01	Argon	
5	7.602856e+01	5.441650e+01	2.462270e+01	6.295813e-01	-2.501857e+00	-5.402729e-01	Argon	
6	1.696877e+01	1.143903e+01	2.140026e+01	-1.106478e+00	-5.387108e-01	2.182763e+00	Argon	
7	5.309697e+01	7.723580e+00	4.748031e+01	-1.101971e+00	-1.272612e+00	-1.159875e+00	Argon	
8	7.752831e+01	7.073074e+01	4.995016e+01	7.983418e-01	2.076389e-02	3.676390e+00	Argon	
9	6.982753e+01	5.085544e+01	6.866452e+01	-4.234934e+00	-1.224326e-02	2.942753e-01	Argon	
10	7.866750e+01	5.905105e+00	1.037155e+01	2.832916e+00	9.721649e-02	5.585076e-01	Argon	
11	7.609129e+01	1.786640e+01	3.117978e+01	2.026812e+00	4.874752e-01	1.326610e+00	Argon	
12	8.551659e+00	7.180769e+01	2.754320e+01	-2.881552e+00	9.866001e-01	5.706417e-01	Argon	
13	2.096379e+01	1.846565e+01	1.351200e+01	-7.716064e-01	1.206225e+00	2.361236e+00	Argon	
14	6.480274e+00	3.265720e+01	2.285554e+01	-4.279293e-01	-1.064171e-01	3.680941e+00	Argon	
15	3.215782e+01	6.667159e+01	1.964235e+01	-1.497318e+00	-1.033964e+00	4.837370e-01	Argon	
16	7.648765e+01	8.027410e+01	3.481458e+01	3.907936e-01	-2.260963e+00	1.730949e+00	Argon	
17	1.983022e+01	3.460654e+01	1.483785e+01	-7.005167e-02	3.298684e-02	2.462443e+00	Argon	
18	2.520468e+01	6.559538e+01	5.274075e+01	-3.335057e-01	2.010592e-01	-1.860224e+00	Argon	
19	2.872090e+01	3.169037e+01	6.361179e+00	-1.965239e-01	-6.140390e-02	2.218570e+00	Argon	
20	2.282023e+01	1.850256e+01	7.501896e+01	2.240087e+00	-9.732474e-01	2.855447e-01	Argon	
21	7.590758e+01	9.114151e+00	4.225985e+01	-2.522776e+00	1.000760e+00	-5.681195e-01	Argon	
22	6.378073e+01	1.450395e+00	6.541952e+01	7.969665e-01	-2.307947e+00	1.381716e-01	Argon	
23	7.038577e+01	1.082914e+01	3.538429e+01	-3.016785e-01	-2.854425e+00	1.693854e+00	Argon	
24	7.192431e+01	6.217903e+01	7.136118e+01	3.009639e+00	2.944074e-01	-1.627679e+00	Argon	
25	1.759768e+01	3.778827e+01	4.879221e+01	2.845133e-01	1.317257e+00	-1.046524e+00	Argon	
26	4.958671e+01	4.937551e+01	7.720294e+01	1.993947e-01	2.976956e+00	3.530220e-01	Argon	
27	5.736149e+01	5.484418e+01	5.608749e+00	2.541474e+00	-1.954191e+00	2.232733e-01	Argon	
28	6.348779e+00	1.821115e+00	7.907960e+01	3.369512e-01	2.452259e+00	8.141255e-01	Argon	
29	6.090387e+01	5.144875e+01	3.474958e+01	-1.000982e+00	2.654358e+00	-7.693048e-01	Argon	
30	6.067360e+01	2.642157e+01	6.369596e+01	1.224818e+00	1.235327e+00	-1.538394e-01	Argon	
31	1.262411e+01	3.385401e+01	4.192118e+01	1.046561e-01	2.948549e+00	1.642171e+00	Argon	
32	3.154670e+01	3.939052e+00	3.609183e+01	3.842774e+00	-9.057525e-02	-8.622258e-01	Argon	
33	5.870351e+00	2.548468e+01	5.506696e+01	5.520405e-01	-1.712089e+00	1.636141e+00	Argon	
34	8.610368e+00	1.563173e+01	1.170643e+01	-8.092186e-01	2.732392e+00	5.084240e-01	Argon	
35	5.847597e+01	4.758350e+01	7.510034e+01	2.384838e+00	-1.027207e+00	1.344546e+00	Argon	
36	7.067910e+01	2.444219e+01	6.540479e+01	-2.305993e+00	-1.554252e-01	-4.033692e-01	Argon	
37	6.388283e+01	4.059889e+01	2.049364e+01	-2.598629e-01	3.804559e+00	-4.131545e-02	Argon	
38	3.411248e+01	1.515570e+01	1.803856e+01	-9.525640e-05	-5.696861e-01	-1.936050e+00	Argon	
39	5.188441e+01	2.464566e+01	9.238172e+00	6.524366e-01	7.853386e-01	-2.048624e+00	Argon	
40	5.861294e+00	4.786779e+01	5.393714e+01	1.390425e+00	1.456817e+00	1.715201e+00	Argon	
41	6.878516e+01	1.102434e+01	3.347015e+01	-9.857637e-01	-2.379282e+00	1.381215e+00	Argon	
42	7.371708e+01	3.480159e+01	2.460649e+01	1.004481e+00	6.454023e-01	2.812610e+00	Argon	
43	3.608442e+01	7.159721e+01	1.563586e+01	-3.795079e-01	5.842546e-01	2.703511e+00	Argon	
44	4.027284e+01	7.096754e+01	5.887255e+01	6.075554e-01	1.043406e+00	2.300951e-01	Argon	
45	4.130582e+01	3.301859e+01	6.352628e+01	4.003928e-01	-8.279609e-01	-1.163557e-02	Argon	
46	3.437378e+01	1.234650e+01	2.392544e+01	2.046669e+00	1.163487e+00	2.785948e-01	Argon	
47	4.594633e+01	1.535992e+01	5.164930e+01	-2.697524e+00	-1.902408e+00	-2.044377e-01	Argon	
48	5.162345e+01	6.332165e+01	3.968209e+01	-3.178349e+00	-5.704543e-01	-2.232074e-01	Argon	
49	2.510410e+01	6.170643e+01	3.675026e+01	-1.059976e+00	-1.454277e+00	2.282507e+00	Argon	
50	5.743690e+01	3.403053e+01	2.779111e+01	3.968406e-01	1.088726e+00	-3.181741e+00	Argon	
51	4.948258e+01	3.113958e+01	6.076549e+01	1.345956e+00	-8.611164e-01	-1.745689e+00	Argon	
52	4.760919e+01	6.650055e+01	4.077646e+01	1.381441e+00	-3.370198e-01	-1.847791e-01	Argon	
53	3.332814e+01	4.514849e+01	9.169479e+00	1.666248e-01	3.814764e+00	1.555644e-01	Argon	
54	3.198927e+01	6.882067e+01	6.418424e+01	-2.252212e+00	4.854695e-01	6.847059e-01	Argon	
55	2.733930e+01	3.610265e+01	5.510796e+01	-2.322777e+00	1.718439e+00	5.848457e-01	Argon	
56	1.093247e+01	6.903600e+01	7.343640e+01	-4.363221e+00	2.197896e-02	3.185171e-01	Argon	
57	1.376380e+01	2.122600e+01	1.330621e+01	2.547956e-01	-3.832791e+00	-9.869731e-02	Argon	
58	3.905019e+01	7.370349e+01	8.296664e+00	1.752462e+00	1.756727e+00	-1.336524e+00	Argon	
59	1.028569e+01	5.452000e+01	5.112732e+00	-3.455890e-01	1.913129e-01	2.085771e+00	Argon	
60	7.475205e+01	6.241083e+01	3.460146e+01	-5.093606e-01	-1.105894e+00	1.687800e+00	Argon	
61	5.525606e-02	1.809496e+01	1.907742e+01	-9.072738e-02	-3.486793e+00	-1.319747e+00	Argon	
62	6.746983e+01	4.680234e+01	1.990643e+01	-1.281928e+00	-2.344450e-02	6.736632e-01	Argon	
63	3.224434e+01	6.923236e+01	5.834269e+01	-5.017080e-01	2.012633e+00	-1.851920e+00	Argon	
64	3.721470e+01	3.674349e+01	6.113347e+01	-6.361675e-01	-7.825656e-01	1.489236e-01	Argon	
65	6.082995e+01	3.693809e+01	4.065155e+01	-1.274339e-01	-2.299221e+00	-1.966770e+00	Argon	
66	1.690393e+01	3.294859e+01	2.113429e+01	1.335712e+00	-1.590591e+00	6.308599e-01	Argon	
67	1.998011e+01	7.854958e+01	1.015195e+01	6.249614e-02	2.769150e+00	-8.534411e-01	Argon	
68	2.119066e+01	6.800416e+01	7.505246e+01	2.012666e+00	-1.964874e-01	8.086527e-01	Argon	
69	2.251211e+01	5.392578e+01	5.972173e+01	3.590427e+00	1.120033e+00	-2.118549e-02	Argon	
70	1.153897e+00	5.465858e+01	7.484355e+00	-2.090067e+00	-3.051115e-02	1.010397e+00	Argon	
71	3.313736e-02	3.427403e+01	7.214132e+01	-1.707979e-02	-3.569710e+00	9.109732e-01	Argon	
72	1.126517e+01	4.920660e+01	5.276709e-01	-6.548750e-01	6.604886e-01	1.793766e+00	Argon	
73	7.561862e+01	2.833572e+01	6.931481e+01	2.840563e-01	4.613529e-01	2.819624e+00	Argon	
74	2.017903e+01	7.047156e+01	2.135083e+01	-6.632567e-02	1.184466e+00	-2.811324e+00	Argon	
75	3.487789e+01	1.655682e+01	1.296624e+01	2.342808e-01	-1.413631e+00	1.975701e-01	Argon	
76	1.883719e+01	7.290864e+01	2.514391e+01	4.323468e-01	1.663881e-01	2.559370e+00	Argon	
77	9.396347e+00	7.649410e+01	3.202111e+01	1.361695e+00	-2.440636e+00	5.232802e-02	Argon	
78	4.981177e+00	7.752494e+01	6.466709e+01	1.061061e+00	3.239162e+00	4.539152e-01	Argon	
79	1.115941e+01	1.058555e+01	6.685047e+01	6.780366e-01	-1.745538e+00	-8.372988e-01	Argon	
80	1.150312e+01	6.050207e+01	5.175042e+01	-2.603647e+00	-1.030095e-01	-2.080836e+00	Argon	
81	5.398905e+01	2.328888e+01	8.015601e+00	2.672597e+00	-1.458946e+00	1.243966e-01	Argon	
82	3.723273e+01	6.844301e+00	1.545463e+01	6.246277e-01	3.998630e-01	-1.075298e+00	Argon	
83	1.293087e+01	6.848965e+01	4.286999e+01	-9.740974e-01	-2.048995e+00	-1.903474e-01	Argon	
84	1.476313e+01	7.246281e+01	3.572576e+01	1.617744e+00	-5.944724e-01	-4.339462e-03	Argon	
85	5.133966e+01	5.432795e+01	6.272342e+01	-2.694252e+00	-3.725043e-01	-1.696120e+00	Argon	
86	7.472560e+01	2.352804e+01	5.451243e+00	1.053514e+00	-6.060534e-01	5.057467e-01	Argon	
87	7.195477e+01	8.083150e+01	6.402850e+01	-2.584205e+00	3.792203e-01	-1.370390e+00	Argon	
88	7.131518e+01	6.004216e+01	3.776351e+01	1.338202e+00	2.038695e+00	6.938003e-01	Argon	
89	6.457807e+01	6.163040e+01	6.525758e+01	-2.791506e+00	-1.241337e+00	8.563252e-01	Argon	
90	2.817269e+00	5.057683e+01	3.129212e+01	1.107168e+00	-6.359336e-01	7.622662e-01	Argon	
91	5.142585e+01	7.027676e+01	2.428627e+01	-1.556382e+00	1.037364e+00	1.270057e+00	Argon	
92	7.781969e+00	4.608546e+01	7.943784e+01	-6.742849e-01	-1.555067e+00	5.922730e-01	Argon	
93	1.479969e+01	5.706312e+01	4.155738e+01	-1.261707e+00	-1.296923e-01	3.510256e+00	Argon	
94	1.232668e+01	4.892985e+01	5.529950e+01	-7.939985e-02	2.289782e-01	3.022118e+00	Argon	
95	2.708543e+01	4.852216e+01	5.607146e+01	-2.005909e+00	7.230966e-01	1.077196e+00	Argon	
96	3.586610e+01	4.147932e+01	8.908521e+00	2.158347e+00	-4.435475e-03	1.747403e+00	Argon	
97	7.072466e+01	4.397394e+01	2.453537e+01	3.970890e-01	1.737447e+00	2.395107e+00	Argon	
98	5.242145e+01	4.949912e+00	7.672472e+01	-2.267967e+00	3.234186e-01	-3.972797e-01	Argon	
99	4.626290e+01	2.989440e+01	5.739052e+01	-1.730451e-01	7.077167e-01	5.182491e-02	Argon	
100	1.148299e+01	6.560669e+00	5.382762e+01	-1.362038e+00	-1.784382e+00	1.586084e+00	Argon	
101	3.507382e+01	5.157774e+01	2.185716e+00	-1.086345e+00	3.499771e+00	-3.014374e-01	Argon	
102	7.478637e+01	4.828019e+01	7.772752e+01	-2.020210e+00	-1.422989e+00	2.276137e-01	Argon	
103	4.255805e+01	7.732973e+01	5.499434e+01	-2.484589e+00	-1.709967e+00	-3.707410e-01	Argon	
104	4.557097e+01	6.659401e+00	6.460951e+01	1.363905e+00	3.150220e-01	2.237540e+00	Argon	
105	1.613037e+01	8.061639e+00	1.224815e+01	-1.818774e+00	-2.156310e+00	4.579706e-01	Argon	
106	4.916960e+01	2.111949e+01	4.149187e+01	1.754224e+00	2.075398e+00	4.453698e-01	Argon	
107	2.151884e+01	4.832334e+01	2.578195e+01	2.845686e+00	1.090790e+00	1.109536e-01	Argon	
108	7.970987e+01	3.091396e+01	6.431989e+01	3.560007e-01	1.608292e+00	2.150604e+00	Argon	
109	5.631610e+01	9.219844e+00	6.947966e+01	-4.166843e-01	-4.273147e-01	7.965507e-01	Argon	
110	5.202913e+01	1.371288e+01	3.322177e+00	-2.847544e+00	-6.108242e-01	-1.027628e+00	Argon	
111	7.876790e+01	1.643015e+01	7.911875e+01	4.754434e-01	2.633688e-02	3.192626e+00	Argon	
112	3.389344e+01	4.065446e+01	6.515453e+01	7.980046e-01	2.287700e-01	8.055512e-01	Argon	
113	3.903280e+01	7.863158e+01	6.653022e+01	-1.264283e+00	2.903320e+00	-2.522722e-02	Argon	
114	1.677012e+01	6.175701e+01	2.201867e+00	-2.804106e+00	-1.239831e+00	-4.452840e-01	Argon	
115	7.041742e+01	1.019479e+00	5.618840e-01	2.811661e-01	-3.232084e-01	2.269428e+00	Argon	
116	3.555470e+01	6.640706e+01	4.194695e+00	-1.007532e+00	-3.641690e+00	-2.846029e-01	Argon	
117	4.964942e+01	3.637606e+01	1.052277e+01	2.063932e+00	1.567646e+00	-6.717241e-01	Argon	
118	6.966225e+01	4.091820e+01	4.057128e+01	-6.934404e-01	-3.536289e+00	-9.753791e-02	Argon	
119	1.740640e+01	6.372356e+01	6.178945e+01	-1.731540e+00	-7.629365e-02	2.790294e+00	Argon	
120	8.525587e+00	4.279905e+01	6.867420e+01	5.190667e-02	-2.018762e-01	4.049008e+00	Argon	
121	4.680607e+01	7.557821e+01	1.142606e+01	2.351762e-02	-2.537364e+00	8.738366e-01	Argon	
122	4.145143e+01	4.294086e+01	5.494614e+01	2.151509e+00	-1.195056e+00	-2.801884e-02	Argon	
123	4.086265e+01	6.831960e+01	5.149338e+01	-9.085065e-01	-2.717095e+00	1.067958e+00	Argon	
124	8.204447e+00	7.048509e+01	2.011269e+01	-2.652338e-01	-3.481726e+00	-8.963093e-01	Argon	
125	5.303191e+01	3.556548e+01	7.130995e+00	-3.940492e+00	5.390487e-01	6.054575e-03	Argon	
126	1.010786e+01	6.674202e+01	6.042140e+01	-2.057857e+00	-2.792148e+00	6.509351e-02	Argon	
127	2.130525e+01	1.075002e+01	3.607660e+01	-6.209687e-03	-1.178221e+00	-1.662418e+00	Argon	
128	7.798211e+01	2.560426e+00	7.353392e+01	-2.809470e-01	-1.305369e+00	-3.038158e+00	Argon	
129	6.713730e+01	7.946481e+01	7.685249e+01	3.124911e-01	3.937089e+00	-3.615818e-01	Argon	
130	5.959738e+01	5.361325e+01	7.289213e+01	-2.696346e-03	7.179242e-01	-1.864239e+00	Argon	
131	1.570044e+01	3.588005e+01	3.777694e+01	3.133276e+00	1.643831e+00	-1.075794e-01	Argon	
132	7.064450e+01	4.628020e+01	6.907197e+01	-2.217732e+00	-3.896532e-01	-1.798859e+00	Argon	
133	6.052465e+01	5.324480e+01	7.340623e+01	1.979347e+00	-7.013264e-02	1.275531e+00	Argon	
134	4.515514e+00	5.011517e+01	4.990486e+01	1.787087e-01	3.379012e+00	8.271034e-01	Argon	
135	2.606889e+00	7.467249e+01	5.448081e+01	2.598304e+00	-6.357469e-01	-1.440550e+00	Argon	
136	5.844288e+01	5.055218e+01	7.269171e+01	3.096864e+00	-2.656579e-01	-5.181121e-01	Argon	
137	3.101792e+01	3.076770e+01	5.154633e+01	-4.400463e-02	-4.716374e+00	9.069344e-02	Argon	
138	3.156102e+01	1.050507e+01	7.916801e+01	-3.890698e-01	1.528279e+00	-6.149295e-02	Argon	
139	1.552775e+01	1.836279e+01	3.898214e+00	2.552134e-01	8.878116e-01	2.832711e+00	Argon	
140	6.240758e+01	7.607669e+01	6.352293e+01	-3.266238e+00	-1.189891e+00	-1.731173e-01	Argon	
141	3.392181e-02	5.464792e+01	7.558259e+00	2.067296e+00	-1.714966e+00	7.092454e-01	Argon	
142	2.859491e+01	5.036129e+01	2.702803e+01	6.134900e-02	-7.631253e-02	3.809615e+00	Argon	
143	5.685797e+01	5.750741e+01	5.506382e+01	-2.497068e+00	-1.649721e-01	-1.677196e+00	Argon	
144	5.776158e+01	5.782921e+01	2.682520e+01	-4.661746e-01	-1.774348e+00	-1.580237e+00	Argon	
145	7.408023e+01	7.474016e+01	2.985677e+01	-9.636174e-02	-3.291490e-01	-4.231692e+00	Argon	
146	7.521574e+01	5.135125e+01	2.921790e+01	2.026686e+00	-4.958057e-01	-2.210303e+00	Argon	
147	7.861891e+01	4.303471e+01	3.282551e+01	-4.510335e-01	1.968501e+00	-1.190081e+00	Argon	
148	7.625226e+01	2.545038e+01	1.945493e+01	7.204430e-01	-1.679770e+00	-6.202111e-01	Argon	
149	4.043215e+01	1.979482e+00	5.212174e+01	-4.153638e+00	7.264072e-02	6.682824e-01	Argon	
150	5.636678e+01	7.722801e+00	3.268513e-01	2.437150e+00	1.711050e+00	6.954922e-02	Argon	
151	5.446131e+01	4.882645e+01	5.793304e+01	6.226806e-01	-3.442595e+00	-6.345251e-01	Argon	
152	4.568903e+01	6.561814e+01	6.552310e+01	-2.075255e+00	-1.570611e-01	1.717707e+00	Argon	
153	8.026853e+01	3.915020e+01	6.921672e+01	5.949051e-01	-2.078571e+00	-1.813726e+00	Argon	
154	3.605978e+01	2.526635e+01	1.049604e+01	5.534446e-02	4.698593e+00	1.285157e-01	Argon	
155	7.852784e+01	2.287797e+01	3.071686e+01	-2.443925e+00	-1.085265e-01	1.143403e+00	Argon	
156	4.569582e+01	1.166920e+01	4.690726e+01	-2.371052e-01	3.065264e+00	1.563673e+00	Argon	
157	1.269967e-01	1.907735e+01	5.495112e+01	-1.246508e+00	1.989965e+00	7.447945e-01	Argon	
158	5.703136e+01	3.676123e+01	2.515780e+01	2.469357e-02	1.344297e+00	-3.421236e+00	Argon	
159	4.089042e+01	3.245962e+01	2.821383e+01	-6.052801e-01	-1.050032e+00	-2.127794e+00	Argon	
160	5.017169e+01	4.576745e+01	3.919102e+01	6.244098e-01	6.535729e-01	-6.838738e-01	Argon	
161	4.035916e+01	1.668427e+01	6.530570e+01	-2.085659e+00	1.905594e+00	-1.125590e-01	Argon	
162	2.368330e+01	5.496962e+01	6.211390e+00	-5.573597e-01	-6.237050e-01	-1.089118e+00	Argon	
163	5.241975e+01	1.350897e+01	2.937294e+01	2.482391e+00	-1.873885e+00	-3.062841e-01	Argon	
164	5.896827e+01	7.426268e+01	7.307425e+01	9.562141e-01	-9.688075e-01	4.416880e-01	Argon	
165	6.602135e+01	6.406961e+00	2.946214e+01	1.933779e+00	1.098710e-01	1.614547e+00	Argon	
166	5.693242e+00	4.485369e+01	5.667354e+01	2.297722e+00	4.751199e-01	-6.852391e-01	Argon	
167	7.660252e+01	9.403658e+00	4.309241e+01	2.251412e+00	1.600632e+00	-4.254585e-01	Argon	
168	6.593854e+01	5.741371e+00	3.321225e+01	9.811936e-02	-1.606173e+00	-1.679569e-01	Argon	
169	7.975694e+01	1.443257e+01	4.651569e+01	-2.998241e-02	2.050400e-01	1.945387e+00	Argon	
170	3.344955e+01	7.979075e+00	1.848563e+01	1.395982e-01	-6.781843e-01	4.504161e-01	Argon	
171	6.944803e+01	5.776179e+01	7.092966e+01	2.225831e+00	1.545457e-01	-4.950036e-02	Argon	
172	1.104416e+01	5.151069e+01	7.836026e+01	4.632816e+00	-1.087094e-01	3.790555e-03	Argon	
173	1.113426e+01	5.090040e+01	4.545470e+01	-1.246991e+00	8.338592e-01	2.125001e-01	Argon	
174	2.104614e+01	9.527282e+00	4.824740e+01	4.086600e-03	-8.616466e-01	3.025217e+00	Argon	
175	6.948085e+01	9.954296e+00	6.739149e+01	2.129993e-01	4.828657e-01	1.562417e+00	Argon	
176	6.078574e+01	6.171325e+01	4.250540e+01	6.076464e-01	2.183962e+00	6.750408e-01	Argon	
177	3.641474e+01	3.357298e+01	7.368461e+01	-2.422353e+00	-4.313269e-01	-1.735914e+00	Argon	
178	1.474175e+01	3.561361e+01	2.737289e+01	1.961968e+00	7.126289e-01	-6.243918e-01	Argon	
179	4.662622e+00	4.200460e+01	3.041148e+01	-1.707656e+00	-1.457130e+00	-1.263637e+00	Argon	
180	3.622542e+01	7.137429e+01	1.991695e+01	-2.442258e+00	1.082060e+00	-8.356370e-01	Argon	
181	1.565020e+01	4.339325e+01	3.646255e+01	3.093523e+00	7.883176e-01	2.557612e-01	Argon	
182	2.889601e+01	4.874555e+01	6.113637e+01	-2.895217e+00	4.580509e-01	2.799419e-01	Argon	
183	4.737165e+01	1.110866e+01	4.162640e+01	-6.716299e-01	1.731930e+00	-1.243949e+00	Argon	
184	5.707372e+01	1.071223e+01	9.589677e+00	-2.131438e+00	1.088531e+00	1.124665e-01	Argon	
185	6.600390e+01	5.245962e+01	4.966037e+01	-1.679697e-01	-2.502138e+00	-5.129994e-01	Argon	
186	4.199162e+01	7.563073e+01	2.685592e+01	-4.082976e+00	-7.507629e-02	-5.285396e-01	Argon	
187	3.066021e+01	5.221543e+00	4.076751e+00	-4.927327e-02	-1.460392e-01	4.107990e+00	Argon	
188	3.865240e+01	9.999440e+00	5.663627e+01	-3.658966e-02	-7.885891e-01	-7.070332e-01	Argon	
189	1.057051e+01	2.485868e+01	6.606140e+00	1.079913e-01	-1.888701e+00	-1.792715e+00	Argon	
190	1.015893e+00	7.912367e+01	6.723842e+01	1.252163e+00	-8.036214e-01	-6.297359e-01	Argon	
191	1.682927e+01	6.156196e+01	6.053569e+01	-9.159867e-02	-3.951985e+00	8.186164e-01	Argon	
192	3.991311e+01	1.178998e-01	7.112708e+01	-3.741624e+00	-3.628316e-01	2.915121e-01	Argon	
193	7.076777e+01	2.241574e+01	3.969649e+01	1.232755e+00	-1.916278e+00	2.686057e-01	Argon	
194	1.241709e+01	7.763871e+01	7.378406e+01	-1.055725e+00	-7.312635e-01	-1.729327e+00	Argon	
195	2.787295e+01	1.926939e+01	7.292986e+01	2.297577e+00	1.033965e+00	-7.550992e-01	Argon	
196	7.388987e+01	2.214178e+01	4.324854e+01	2.663766e+00	1.984196e+00	-1.566433e-01	Argon	
197	3.319244e+01	4.416878e+01	8.057492e+01	-3.911586e+00	9.119839e-02	-4.213373e-01	Argon	
198	7.712410e+01	1.400330e+01	6.465392e+01	-2.290168e+00	7.117815e-01	6.188883e-01	Argon	
199	5.185230e+01	2.168271e+01	4.496108e+01	-1.194788e+00	1.034728e+00	-1.653099e-01	Argon	
200	6.614187e+01	1.072562e+01	1.949062e+01	2.209733e+00	1.969152e+00	5.289813e-01	Argon	
201	3.416894e+01	6.965919e+01	6.521834e+01	-2.182230e+00	-7.744121e-01	-8.862405e-01	Argon	
202	4.319345e+01	3.730108e+01	2.584329e+01	-1.105388e+00	-1.836560e+00	-3.785434e-01	Argon	
203	5.174631e+01	1.796734e+01	5.287555e+01	1.253432e+00	1.111829e+00	1.562108e+00	Argon	
204	1.747939e+01	5.727957e+01	7.903311e+01	7.429278e-01	5.176622e-01	1.495759e+00	Argon	
205	3.761790e+01	6.544225e+01	1.306567e+01	-3.017538e+00	-6.341517e-01	3.717625e-02	Argon	
206	6.479180e+01	1.247027e+01	5.655248e+01	2.363167e+00	8.987848e-01	-9.456966e-01	Argon	
207	2.623286e+01	2.539473e+01	6.921821e+01	2.337671e-01	-8.155401e-01	-2.546436e+00	Argon	
208	9.369292e+00	2.257421e+01	5.510377e+01	1.705010e+00	-5.353747e-01	-1.021873e+00	Argon	
209	2.416304e+01	5.438471e+01	7.040629e+00	2.024590e-01	-2.217012e+00	1.134898e+00	Argon	
210	3.648065e+01	7.317280e+01	4.243562e+01	2.067031e+00	6.258250e-01	1.406254e+00	Argon	
211	1.066822e+01	4.614369e+01	5.744653e+01	-9.808439e-01	-1.654021e-01	-2.075703e+00	Argon	
212	7.448521e+01	1.034101e+01	9.472848e+00	1.095104e+00	-4.237743e-01	-6.113844e-01	Argon	
213	3.463310e+01	5.852650e+01	9.478094e+00	-3.237401e+00	3.537162e-01	-7.069466e-01	Argon	
214	7.968585e+01	4.395354e+01	3.885861e+00	3.405812e+00	-2.078325e-01	4.142661e-01	Argon	
215	6.458716e+01	3.443466e+01	1.488487e+00	2.777231e+00	-1.269461e+00	5.070192e-01	Argon	
216	5.381117e+01	4.649983e+01	7.830198e+01	3.413648e-01	9.153434e-01	2.830864e+00	Argon	
217	1.587723e+01	3.082373e+00	7.517663e+01	-9.981666e-01	-5.034639e-01	-1.206195e+00	Argon	
218	1.836409e+01	3.396171e+00	3.311242e+01	-2.437980e-01	-6.890957e-01	3.263377e+00	Argon	
219	7.466018e+01	6.517316e+01	2.978657e+01	4.452741e+00	-5.107254e-02	1.997937e-01	Argon	
220	8.938011e+00	6.438826e+01	5.815822e+01	2.278456e+00	-1.728742e-02	1.502842e-01	Argon	
221	2.481215e+01	4.607342e+01	4.223128e+01	3.583460e+00	-9.871331e-02	-5.324782e-01	Argon	
222	2.113400e+01	7.532466e+01	1.494805e+01	5.456480e-01	-7.767411e-01	2.143671e+00	Argon	
223	4.826094e+01	1.513609e+00	6.050316e+01	-1.796015e-01	-2.227877e+00	2.510572e+00	Argon	
224	2.846004e+01	5.851837e+01	6.311993e+01	1.015472e+00	-1.403607e+00	6.587292e-01	Argon	
225	4.557201e+01	5.164357e+01	1.842723e+01	-8.569053e-02	-8.170443e-01	-3.368968e-01	Argon	
226	6.521724e+01	4.218156e+01	5.245509e+00	1.135007e+00	9.835914e-01	1.303324e-01	Argon	
227	1.618102e+01	5.334039e+01	3.260024e+01	-3.816226e-01	2.322071e+00	8.907130e-02	Argon	
228	1.760579e+01	5.484942e+00	6.732214e+01	1.438845e+00	-4.771634e-01	-2.677277e+00	Argon	
229	1.142157e+01	4.325379e+01	4.390375e+01	3.608494e-01	-2.711846e+00	8.271516e-01	Argon	
230	3.887511e+01	6.578487e+01	7.516418e+01	1.565524e+00	-2.598746e-01	-9.857352e-01	Argon	
231	5.716268e+01	5.026395e+01	4.440729e+01	3.117728e+00	8.170082e-01	-7.283508e-02	Argon	
232	8.908001e-01	1.724518e-01	5.878334e+01	7.774457e-01	-3.724420e-01	-2.032707e+00	Argon	
233	2.528817e+01	7.744974e+01	8.076712e+01	-5.265724e-01	-7.750777e-01	3.333960e+00	Argon	
234	2.921848e+01	4.890354e+01	2.622020e+01	6.523338e-01	-4.071679e+00	-8.765109e-02	Argon	
235	4.203910e+01	5.454929e+01	3.828299e+01	1.931195e-01	1.452717e+00	-1.869311e+00	Argon	
236	6.515460e+01	4.997290e+01	6.672365e+01	-3.748574e-01	5.646834e-01	-1.277464e+00	Argon	
237	1.044345e+01	7.747584e+01	6.548833e+01	-1.601904e+00	-1.761898e-01	-7.309663e-01	Argon	
238	2.342526e+01	6.141694e+01	1.288994e+00	-1.328946e+00	1.178289e+00	-2.037116e+00	Argon	
239	2.730219e+01	2.628822e+01	7.371067e+01	-1.505144e+00	1.437090e+00	1.415099e+00	Argon	
240	4.049203e-01	5.879316e+00	2.656912e+01	2.984029e-01	-3.989174e-01	-3.385375e+00	Argon	
241	7.105231e+01	1.068016e+01	9.541239e+00	2.684535e+00	1.284492e-01	-1.654443e+00	Argon	
242	4.008407e+01	4.681602e+01	1.468819e+00	-3.384500e-01	-5.341045e-01	-2.358268e+00	Argon	
243	3.673954e+01	1.876695e+00	2.251386e+01	1.461880e-01	3.538144e-01	-3.571830e+00	Argon	
244	5.238069e+01	7.370745e+01	8.043171e+01	-2.316126e+00	-6.934263e-02	-1.876879e-01	Argon	
245	7.019882e+01	4.966275e+01	5.764924e+01	-7.461177e-02	3.931669e+00	2.563788e-02	Argon	
246	6.740615e+01	5.014610e+01	2.004342e+01	-5.541086e-01	2.741132e+00	1.260263e+00	Argon	
247	5.854224e+01	1.808573e+01	7.563203e+01	-1.921977e+00	1.742699e-01	-3.687194e-01	Argon	
248	1.594657e+01	2.717866e+01	2.443948e+01	-4.325658e-01	-7.246014e-02	-1.533845e+00	Argon	
249	5.247353e+01	3.395599e+01	7.547928e+01	-1.202186e-01	-8.734525e-01	4.306204e-01	Argon	
250	2.821475e+01	6.160032e+01	3.121642e+01	1.023842e+00	3.181078e+00	-1.344663e-01	Argon	
251	2.353819e+01	5.864603e+01	7.406482e+01	1.645866e+00	-7.844649e-01	-2.353484e+00	Argon	
252	8.522545e+00	1.970180e+01	9.856292e+00	1.538009e+00	2.027502e-01	-2.845157e+00	Argon	
253	7.116049e+01	6.144752e+01	7.173722e+01	-3.020886e-01	6.613721e-01	-3.358365e+00	Argon	
254	7.971004e+01	7.051084e+01	5.549001e+01	-3.882908e-02	-1.708332e+00	-2.259082e+00	Argon	
255	2.787246e+01	2.512543e+01	2.790527e+01	-6.012923e-03	-2.049059e+00	2.317016e+00	Argon	
256	7.265606e+01	1.242491e+01	6.531419e+01	2.060173e-02	-1.196441e+00	-6.626500e-01	Argon	
257	6.148494e+01	1.092389e+01	2.645042e+01	2.423389e-01	2.591186e+00	-1.425172e+00	Argon	
258	5.685467e-01	6.797264e+01	2.767053e+01	-1.941152e+00	-1.256946e+00	-7.758326e-01	Argon	
259	1.692940e+01	6.535293e+01	5.718703e+01	3.163997e+00	4.065364e-02	-1.537368e+00	Argon	
260	2.267251e+01	4.456500e+01	7.553641e+01	1.004563e-01	1.229835e+00	1.824885e+00	Argon	
261	6.103483e+01	2.831830e+01	7.519922e+00	5.572528e-01	4.338969e-01	1.505670e+00	Argon	
262	1.976274e+01	3.015831e+01	6.204007e+01	9.388274e-01	8.781934e-01	2.437123e+00	Argon	
263	4.817368e+01	2.302363e+01	3.606397e+01	2.295768e+00	-1.823870e+00	1.203855e-02	Argon	
264	3.056722e+01	3.782402e+01	5.046784e+01	-5.569120e-01	1.053515e+00	2.645980e-01	Argon	
265	1.970610e+01	8.077711e+01	5.392174e+00	2.886023e+00	4.083830e-02	-5.722462e-01	Argon	
266	3.350691e+01	4.433968e+01	7.308308e+01	-1.146565e+00	-3.097929e+00	-2.707417e-01	Argon	
267	2.896505e+01	6.920659e+01	5.842227e+01	1.485454e+00	-8.054492e-02	3.192333e+00	Argon	
268	6.600521e+01	2.526372e+01	6.135817e+01	-7.495117e-02	-3.708330e-01	4.488573e+00	Argon	
269	7.227456e+01	3.513072e+01	3.255917e+00	-2.725172e-01	-2.874190e+00	-9.609319e-01	Argon	
270	5.188862e+00	4.145992e+01	5.707137e+01	2.518432e-02	1.285026e+00	-1.282612e+00	Argon	
271	4.062043e+01	5.857659e+01	6.741822e+01	1.153603e+00	-7.265084e-01	1.258848e+00	Argon	
272	2.824258e+01	7.958084e+01	7.976174e+01	-5.564352e-01	1.916514e-01	-2.399502e+00	Argon	
273	4.647767e+01	1.253949e+01	8.124971e+00	-2.292249e-02	-3.355612e+00	9.986543e-01	Argon	
274	1.800145e+01	7.480958e+01	7.329100e+01	-2.515327e+00	1.256913e-01	-6.380330e-01	Argon	
275	6.208361e+01	1.091667e+00	2.834181e+01	-4.010114e-02	-4.574743e-02	1.663281e+00	Argon	
276	7.485744e+01	7.544458e+01	4.854753e+01	-2.449986e-01	-1.823434e+00	-1.113417e+00	Argon	
277	2.091709e+01	1.412207e+01	7.608398e+01	-1.649537e+00	-2.516496e+00	4.117954e-01	Argon	
278	6.886058e+00	5.284405e+01	6.391715e+01	2.014956e-01	-4.926111e-01	-1.147783e+00	Argon	
279	3.528531e+01	2.177075e+01	4.956281e+01	-1.614554e-02	-4.428757e+00	-1.358781e-01	Argon	
280	5.416555e+00	6.876486e+01	8.053353e+01	2.866046e+00	-9.881337e-01	5.382709e-02	Argon	
281	1.622424e+00	3.728387e+01	1.459307e+01	5.382465e-01	-3.820577e+00	-5.770232e-01	Argon	
282	2.484411e+00	4.961529e+01	2.023742e+01	-3.335854e+00	-4.229631e-02	-8.879131e-01	Argon	
283	6.178707e+01	2.367402e+01	1.109569e+01	-6.160001e-01	7.698960e-01	-1.917941e+00	Argon	
284	3.226389e+01	6.460347e+01	4.171267e+01	8.248562e-02	9.465246e-01	-1.801124e+00	Argon	
285	2.414486e+01	1.786350e+01	4.530669e+01	1.668239e+00	-8.855869e-02	-1.088429e-01	Argon	
286	6.852466e+01	1.376357e+01	3.010155e+01	-8.006800e-01	-3.479876e+00	3.078672e-01	Argon	
287	6.484351e+01	6.113137e+00	1.891302e+01	2.712746e-01	-4.580975e-01	-3.644470e+00	Argon	
288	2.995438e+01	6.107922e+01	7.759840e+01	-2.460705e+00	1.067934e+00	-3.431759e-01	Argon	
289	1.405679e+01	4.658799e+01	6.225740e+01	-1.048367e+00	1.494065e+00	1.444269e+00	Argon	
290	4.842979e+01	7.202827e+01	1.762449e+01	2.890405e+00	-5.387042e-01	-4.794479e-01	Argon	
291	6.262878e+01	1.101200e+01	5.744802e+01	9.881156e-02	4.730262e-01	6.375062e-01	Argon	
292	8.060978e+01	6.408140e+01	3.991670e+00	1.114298e-01	-1.307411e+00	-7.058752e-01	Argon	
293	3.913767e+01	1.842828e+01	2.973107e+01	-2.113140e+00	-2.453607e-01	1.879603e+00	Argon	
294	2.989605e+01	5.618698e+01	1.901585e+01	-1.907745e-01	-2.683754e+00	-1.938203e-01	Argon	
295	1.273891e+01	8.058931e+01	8.276925e+00	2.591806e+00	-1.232807e+00	4.981699e-02	Argon	
296	4.648538e+01	2.714608e+01	3.480116e+01	2.830630e+00	-6.954892e-01	-2.481563e-01	Argon	
297	7.779495e+01	7.594091e+01	5.472289e+01	1.001914e+00	-3.314884e+00	-4.820935e-01	Argon	
298	5.808039e+01	6.969189e+01	2.032196e+01	9.273870e-02	1.892133e-01	-1.676676e+00	Argon	
299	4.683287e+01	3.973113e+01	1.279590e+01	2.646536e-01	4.791695e-01	-3.042909e+00	Argon	
300	2.553066e+01	7.090695e+01	5.467603e+01	-1.672810e+00	5.021614e-01	-2.371005e+00	Argon	
301	3.825614e+01	1.213016e+01	7.835302e+01	-3.848035e-01	-3.049947e-01	-2.663345e+00	Argon	
302	5.674323e+01	6.564052e+01	7.972361e+01	2.675600e+00	5.138849e-02	-1.920035e+00	Argon	
303	7.542836e+01	4.849015e+00	4.200774e+01	-1.283378e-01	2.808655e+00	-1.296456e+00	Argon	
304	1.149555e+01	7.961910e+01	2.301176e+01	4.139871e+00	-9.467451e-02	-3.397893e-03	Argon	
305	6.196103e+01	1.442329e+01	3.469770e+01	2.674136e-01	-2.312627e+00	-2.084998e+00	Argon	
306	4.146563e+01	3.394321e+01	7.799963e+01	-4.072301e-02	1.523306e+00	7.922518e-01	Argon	
307	4.907158e+01	6.162806e+01	1.118546e+01	5.917932e-01	1.881206e+00	-7.757942e-01	Argon	
308	4.943733e+00	1.363238e+01	5.593145e+01	-6.015304e-01	-3.128132e+00	-1.076209e-01	Argon	
309	6.791969e+01	3.246498e+01	2.092502e+01	-9.283853e-02	-1.593906e+00	3.090141e+00	Argon	
310	2.166388e+01	3.828328e+01	3.634237e+01	-3.796007e+00	1.170347e-01	7.058487e-01	Argon	
311	4.707408e+01	5.496161e+01	2.600393e+01	-2.554449e-01	-1.395363e-01	-1.952184e-01	Argon	
312	5.849836e+01	6.274598e+01	8.579639e+00	-4.234133e+00	3.055132e-01	-1.125303e-01	Argon	
313	5.981031e+01	5.601690e+01	1.688019e+01	1.750819e-01	7.586376e-02	1.340392e+00	Argon	
314	1.275363e+01	2.302818e+01	7.543251e+01	7.292299e-01	8.187531e-03	-2.065388e+00	Argon	
315	6.908627e+01	6.820724e+01	2.148381e+01	-6.937816e-01	-1.401970e+00	1.733956e+00	Argon	
316	5.565983e+01	1.097893e+01	4.954182e+01	-1.674079e+00	1.048166e-01	-2.662805e+00	Argon	
317	3.091173e+01	6.234068e+01	8.048970e+00	-1.344402e+00	3.542868e+00	-1.740128e-02	Argon	
318	4.572200e+01	2.195144e+00	4.559377e-01	3.864696e+00	-5.860028e-01	-1.859806e-02	Argon	
319	7.566172e+01	7.008739e+01	6.661211e+01	1.666877e-01	-3.391530e+00	-1.222328e+00	Argon	
320	9.861728e+00	3.415423e+01	6.850209e+01	3.880478e-01	-1.217078e+00	-3.011645e+00	Argon	
321	7.856121e+00	6.514474e+01	2.166007e+00	-2.269837e-01	-2.695182e+00	-4.903759e-01	Argon	
322	2.827540e+01	6.599782e+01	2.995932e+00	2.700603e-01	7.356025e-01	2.930787e+00	Argon	
323	5.460298e+00	6.963298e+01	1.027478e+01	-5.373079e-02	-3.785917e+00	7.072286e-01	Argon	
324	3.279831e+01	7.077504e+01	4.715494e+01	-4.868743e-01	-3.672454e+00	3.940183e-01	Argon	
325	7.316100e+01	4.701822e+01	3.376746e+01	-1.439906e-01	-3.610425e-01	3.056505e+00	Argon	
326	8.892837e+00	5.809899e+01	7.662487e+01	-4.792617e-01	-3.923085e+00	-7.019308e-02	Argon	
327	5.005297e+01	3.681555e+01	3.392078e+01	-9.089541e-01	5.242814e-01	3.356777e+00	Argon	
328	6.080611e+01	1.990195e+01	3.469444e+01	3.250199e+00	-1.157757e-01	7.092956e-01	Argon	
329	5.058259e+01	7.488395e+01	5.130108e+01	-1.527203e+00	-3.057957e+00	-3.205344e-01	Argon	
330	2.701489e+00	3.370561e+01	1.226503e+01	-1.351954e-02	3.936149e+00	9.105507e-01	Argon	
331	5.688246e+01	7.473644e+00	8.041149e+01	-1.665823e+00	4.709477e-01	1.036803e+00	Argon	
332	7.702191e+01	2.208733e+01	1.651612e+00	1.133415e+00	4.495372e-01	-1.924168e+00	Argon	
333	1.822652e+01	4.664342e+01	5.518960e+01	1.359838e+00	-2.530964e+00	3.049238e-02	Argon	
334	2.802957e+01	7.360396e+01	2.295183e+01	2.041891e+00	-1.182374e+00	-1.705028e+00	Argon	
335	7.891532e+01	2.262965e+00	4.096546e-01	-2.085217e+00	-2.296363e+00	1.729342e-01	Argon	
336	4.651492e+01	4.152186e+00	4.178305e+01	1.451571e+00	5.524501e-01	2.591005e+00	Argon	
337	2.599054e+01	4.059397e+00	5.405268e+01	1.473273e+00	-1.870073e+00	-9.358782e-01	Argon	
338	3.081021e+01	6.279316e+01	1.968245e+01	-1.523868e-01	2.136127e-01	-2.089933e+00	Argon	
339	2.229232e+01	7.246403e+01	7.740319e+01	-1.540410e+00	-3.276390e+00	-6.890844e-02	Argon	
340	6.150238e+01	7.095961e+01	7.858831e+01	-2.295867e+00	4.648379e-01	1.987544e+00	Argon	
341	5.828074e+00	3.603612e+01	6.958235e+01	-1.148788e-01	-3.645698e-01	-9.906688e-01	Argon	
342	6.882250e+01	2.712029e+01	5.639235e+01	1.014441e+00	-2.298658e+00	-9.011641e-02	Argon	
343	5.579279e+00	6.158711e+01	9.058088e+00	8.687247e-01	-1.683621e+00	-1.664117e+00	Argon	
344	1.273839e+01	1.484494e+01	4.558384e+01	7.409753e-01	-1.340517e+00	2.319921e+00	Argon	
345	3.432203e+01	6.525611e+01	8.103124e+01	-1.112685e+00	-3.100626e+00	2.704036e-01	Argon	
346	7.617143e+01	2.088694e+01	2.705540e+01	-2.679633e+00	4.076042e-02	-1.372923e+00	Argon	
347	3.903650e+01	2.124879e+01	2.331905e+01	5.687695e-01	7.899795e-01	-1.301575e+00	Argon	
348	2.039377e+01	1.866125e+01	4.511872e+01	-2.656137e+00	-1.353977e+00	-1.492318e-01	Argon	
349	3.851463e+01	7.035560e-01	4.911225e+01	-1.689829e+00	8.426690e-01	-1.171565e+00	Argon	
350	7.207388e+01	3.665299e+01	7.053982e+01	1.570578e+00	-2.889811e+00	-4.557322e-01	Argon	
351	7.477519e+01	7.415642e+01	1.686946e+01	-4.568751e-01	7.740489e-01	1.610959e+00	Argon	
352	4.082266e+01	7.529520e+01	1.405580e+01	4.410464e-01	-4.604363e-01	1.768730e+00	Argon	
353	6.250484e+01	1.715909e+00	2.750945e+01	-2.154980e-01	1.897124e+00	-1.025694e+00	Argon	
354	7.290614e+01	4.713605e+01	1.654574e+01	-3.759837e-01	-6.398777e-01	-2.344700e+00	Argon	
355	4.256597e+01	7.747045e+01	8.014499e+01	-1.100827e+00	-4.030514e-01	-2.951480e-01	Argon	
356	4.119413e+01	5.714160e+01	6.108221e+01	3.751262e-01	-2.462538e-02	-2.059060e+00	Argon	
357	7.091694e+01	1.362329e+01	4.270130e+01	-3.949759e+00	-9.425260e-02	1.707459e-01	Argon	
358	5.554548e+01	4.171598e+01	3.292921e+01	-8.267871e-01	-2.599386e+00	-1.446898e+00	Argon	
359	8.000897e+00	5.460350e+01	9.947020e+00	-4.836076e-01	6.421304e-01	-2.861002e+00	Argon	
360	6.622313e+01	7.044392e+01	4.218919e+00	-4.388285e-02	-2.566786e+00	8.214781e-01	Argon	
361	7.724953e+01	3.574708e+01	3.921350e+01	-2.963054e-01	-2.723570e+00	-3.878445e-01	Argon	
362	3.386276e+01	7.108282e+01	6.991745e+01	4.267757e-02	2.794873e+00	-1.207828e-01	Argon	
363	6.749650e+01	4.885901e+01	5.395142e+01	6.366668e-01	-2.027416e+00	2.095276e+00	Argon	
364	2.292066e+01	2.545084e+01	5.086492e+01	8.101792e-01	-2.393635e-01	-2.339397e-01	Argon	
365	6.104437e+01	6.979142e+01	5.269450e+01	-1.523855e+00	5.360330e-01	2.750038e+00	Argon	
366	4.768256e+01	7.160790e+01	3.318784e+01	5.681827e-01	-2.063175e+00	-1.858181e+00	Argon	
367	2.856677e+01	2.208062e+01	5.250500e+01	1.780049e+00	1.803855e+00	3.771036e-01	Argon	
368	3.546692e+01	6.148441e+00	7.259674e+01	2.395470e+00	2.622880e-01	-1.039776e+00	Argon	
369	4.154350e+01	4.390034e+00	4.388387e-01	-1.225498e+00	-9.364024e-01	2.422359e+00	Argon	
370	2.452497e+01	3.804492e+01	2.602785e+00	1.298728e+00	1.557519e+00	-1.730914e+00	Argon	
371	6.765211e+01	7.777004e+01	7.924458e+01	-1.676778e-01	-1.908714e+00	1.535280e+00	Argon	
372	5.568412e+01	1.423952e+01	1.661086e+01	7.621317e-02	-6.469715e-02	-1.138042e+00	Argon	
373	4.518686e+01	6.432875e+01	1.361918e+01	-1.804832e+00	1.192402e-01	5.936141e-02	Argon	
374	5.272806e+01	3.299663e+01	2.475984e+00	8.280903e-02	1.693255e+00	2.223685e+00	Argon	
375	6.230914e+01	2.504920e+00	5.532924e+01	1.748446e+00	-1.182858e-01	-2.634760e+00	Argon	
376	3.032392e+01	7.110076e+01	3.082428e+01	4.464835e-01	2.851492e+00	7.519012e-01	Argon	
377	4.379403e+01	2.296396e+01	9.051969e-01	1.348805e+00	7.614196e-01	-2.514696e+00	Argon	
378	7.915267e+01	5.801855e+01	5.245331e+01	6.618530e-01	2.621719e-01	3.600823e+00	Argon	
379	7.905840e+01	4.222196e+01	4.610401e+01	2.061961e+00	6.144139e-01	1.777248e+00	Argon	
380	4.796346e+01	9.808458e+00	7.950743e+01	-9.666549e-01	2.316714e+00	1.374737e+00	Argon	
381	2.396566e+00	6.200888e+01	4.021858e+01	-4.277807e-01	-6.500156e-01	2.118111e+00	Argon	
382	5.767955e+01	4.830660e+01	2.117203e+01	6.314257e-01	2.509427e+00	-1.068316e-02	Argon	
383	4.207676e+01	7.597906e+01	2.061230e+01	9.005882e-02	3.267914e+00	-4.248095e-01	Argon	
384	4.649158e+01	6.283970e+01	7.473442e+01	-1.213224e+00	-1.631531e+00	7.497563e-01	Argon	
385	3.921722e+01	2.454440e+01	3.031823e+01	1.218386e+00	2.769056e+00	4.904155e-01	Argon	
386	7.253622e+01	5.549789e+01	5.492239e+01	2.553533e+00	1.187353e-01	-1.290150e+00	Argon	
387	1.904621e+01	6.485110e+01	4.513415e+01	-7.612959e-01	-1.657399e+00	-1.447696e+00	Argon	
388	2.054163e+01	5.625192e+01	5.723922e+01	7.472541e-01	-3.321282e+00	-6.107658e-01	Argon	
389	7.266416e+01	2.119217e+01	3.654235e+01	1.838507e+00	-1.644333e+00	2.254118e-01	Argon	
390	5.984963e+01	2.995155e+01	3.743185e+01	7.452120e-01	2.136771e+00	-1.888554e-01	Argon	
391	7.609227e+01	3.546315e+01	6.644515e+01	5.922785e-01	1.979662e+00	4.168144e-01	Argon	
392	3.802865e+00	7.606347e+01	7.434283e+01	2.707319e+00	-1.513895e+00	3.489155e-01	Argon	
393	3.220107e+01	2.699518e+01	4.028902e+01	-2.240220e+00	1.216593e+00	-6.380003e-01	Argon	
394	3.626854e+01	1.302201e+01	5.657261e+01	1.707910e+00	-5.226316e-01	-2.286726e+00	Argon	
395	8.003096e+01	3.420970e+01	7.252693e+01	5.745738e-02	1.608522e+00	-5.139177e-01	Argon	
396	5.260348e+01	3.488485e+01	3.006699e+01	-2.218006e+00	-7.652432e-01	1.330831e+00	Argon	
397	7.883841e+01	1.181776e+01	1.951998e+01	-7.251583e-01	7.307382e-01	-7.177145e-01	Argon	
398	4.507725e+01	5.221002e+00	3.916806e+01	2.527141e-01	-3.116761e+00	1.083056e+00	Argon	
399	5.406691e+01	4.073020e+00	6.836633e+01	-4.450765e-01	-6.064805e-01	2.424157e+00	Argon	
400	2.938077e+00	2.043941e+01	1.357798e+01	-2.183487e+00	2.864209e-01	-1.871660e+00	Argon	
401	1.082287e+01	1.534752e+01	2.589715e+00	2.334922e-01	-1.860450e-02	3.906199e+00	Argon	
402	4.670712e+01	1.049209e+01	5.108865e+01	-4.909050e-01	-2.144294e+00	2.109616e+00	Argon	
403	7.161959e+01	2.610638e+01	2.387282e+01	-2.293122e+00	1.156658e+00	9.954111e-01	Argon	
404	6.984377e+01	1.085993e+01	1.418188e+01	4.392504e+00	7.293087e-03	4.846794e-01	Argon	
405	4.893681e+00	1.567503e+01	1.377100e+00	-7.150776e-01	-3.329664e+00	-2.704818e-01	Argon	
406	4.988453e+00	6.944038e+01	7.974592e+01	1.037081e-01	-3.503281e+00	8.898239e-01	Argon	
407	1.955668e+01	8.987750e-01	4.759952e+01	-2.568750e+00	-1.214850e-01	1.454287e+00	Argon	
408	3.283977e+01	5.398676e+01	4.725454e+01	1.670525e+00	2.073507e+00	1.914090e-01	Argon	
409	2.182756e+01	4.123584e+01	7.906718e+01	8.957301e-03	-1.524809e+00	3.028047e+00	Argon	
410	3.228518e+01	2.686006e+01	3.008633e+01	8.848750e-01	-3.573282e+00	1.545025e-01	Argon	
411	3.967538e+01	6.732785e+01	1.057540e+01	5.582693e-01	-6.874006e-02	5.554348e-02	Argon	
412	5.712407e+00	5.293099e+01	7.400651e+01	-1.321560e+00	-2.724016e-02	-1.570511e+00	Argon	
413	5.168615e+01	5.952564e+01	1.330189e+01	1.270453e-01	7.482620e-01	1.240780e+00	Argon	
414	2.219836e+01	7.395050e+01	1.238453e+01	1.845320e+00	-8.459160e-01	-1.390394e+00	Argon	
415	1.685559e+01	3.003909e+01	8.104014e+01	1.174210e+00	4.172309e-01	-2.034258e+00	Argon	
416	5.452167e+01	7.603231e+01	4.747464e+01	-1.728787e+00	8.441102e-02	1.691400e+00	Argon	
417	2.607630e+00	4.357800e+01	6.375016e+01	6.575217e-01	-4.814772e-01	7.009472e-01	Argon	
418	5.842042e+00	5.524032e+00	2.137720e+01	1.399466e-02	2.152576e+00	2.632837e+00	Argon	
419	8.029854e+00	3.584226e+01	4.915696e+01	-3.553957e-01	1.694732e-01	-2.288229e+00	Argon	
420	5.153797e+01	3.832101e+01	7.638402e+01	-1.016089e+00	-9.423184e-01	-8.093955e-01	Argon	
421	8.014149e+01	3.449870e+01	5.803791e+01	-1.555842e+00	-7.312081e-01	6.264900e-02	Argon	
422	3.610626e+01	7.664060e+01	7.950750e+01	-1.745769e-01	4.165806e-01	-3.583393e+00	Argon	
423	5.263025e+01	1.059549e+01	1.764800e+01	1.315110e+00	2.296945e+00	-1.107785e+00	Argon	
424	7.465346e+01	2.545650e+01	4.420860e+01	1.055661e+00	2.406428e+00	-6.128226e-01	Argon	
425	6.516873e+01	7.443220e+01	7.298590e+01	-2.979993e+00	8.244578e-01	-2.804255e-01	Argon	
426	1.754521e+01	5.818940e+01	5.258393e+01	-1.055488e-01	1.761028e+00	-1.330981e+00	Argon	
427	6.357321e+01	2.816752e+01	2.418749e+01	7.306725e-02	-1.028303e+00	-3.626843e+00	Argon	
428	3.540456e+01	5.916105e+01	3.151209e+01	4.537753e-01	-7.068525e-02	1.715895e+00	Argon	
429	5.865078e+01	1.130016e+01	4.476125e+01	-3.413268e-01	1.683954e+00	-1.374668e+00	Argon	
430	5.316833e+01	2.844151e+01	6.164009e+01	-4.244535e-01	7.276568e-01	7.489389e-01	Argon	
431	6.513901e+01	4.150004e+01	5.933323e+01	-2.272255e-01	1.945540e+00	5.317346e-01	Argon	
432	5.247388e+01	7.930076e+01	6.711569e+01	5.305638e-01	2.667354e-01	-2.373664e+00	Argon	
433	2.075788e+01	4.266139e+01	2.269443e+01	3.280834e-02	-5.557486e-01	-6.924242e-01	Argon	
434	4.793377e+01	6.307412e+01	4.377438e+01	-1.776655e+00	1.412114e+00	-1.034388e+00	Argon	
435	6.611000e+01	7.993638e+01	7.126757e+01	2.678810e-01	1.319760e+00	1.727375e-02	Argon	
436	7.919328e+01	6.033420e+01	3.979489e+01	7.705492e-02	3.429502e+00	7.936782e-01	Argon	
437	3.398281e+01	1.895883e+01	2.017288e+01	-8.776488e-01	-3.686958e+00	-3.812325e-02	Argon	
438	8.017288e+01	5.323691e+01	3.470441e+00	3.449571e+00	3.054987e-01	2.293414e-01	Argon	
439	3.718413e+01	6.876832e+01	3.244828e+01	1.760754e-01	1.106828e+00	-4.420582e-01	Argon	
440	1.342774e+01	1.161012e+01	7.421180e+01	3.692348e+00	4.535432e-01	7.739618e-01	Argon	
441	6.033618e+01	6.802932e+01	4.804260e+01	-4.133534e-01	4.404786e-01	-3.640136e+00	Argon	
442	3.762930e+01	3.833863e+01	7.478405e+01	2.766224e+00	-1.687373e+00	-1.327366e-01	Argon	
443	1.378164e+01	3.473059e+00	5.351243e+01	1.596276e+00	-1.198285e+00	1.449427e+00	Argon	
444	4.669553e+01	2.644842e+01	6.566735e+01	3.866738e-01	6.909506e-01	-2.157555e+00	Argon	
445	1.284313e+01	2.735933e+01	6.619576e+01	-2.026664e+00	3.097848e-01	1.509303e+00	Argon	
446	7.060724e+01	5.984414e+01	6.373319e+01	6.336030e-01	-7.988191e-01	1.785035e+00	Argon	
447	2.744966e+01	7.377383e+01	7.014036e+01	3.045887e+00	6.024247e-01	-1.274502e+00	Argon	
448	2.013949e+01	3.565581e+01	1.942461e+01	-1.975575e+00	-3.070326e-01	-4.445679e-01	Argon	
449	3.255287e+01	2.302623e+01	2.836946e+01	-3.206159e-01	1.714284e+00	2.313958e+00	Argon	
450	8.668044e+00	3.347012e+01	5.107719e+01	1.586662e+00	8.153069e-01	-2.504813e+00	Argon	
451	3.403909e+01	3.061984e+01	1.808505e+01	4.425575e+00	2.632350e-01	4.046654e-04	Argon	
452	5.589416e+01	3.520572e+01	1.158947e+01	1.115207e-01	-2.092919e+00	-1.062574e+00	Argon	
453	2.789373e+01	3.529416e+01	2.173188e+01	3.959903e-03	1.035345e+00	-2.766275e+00	Argon	
454	3.006296e+01	7.976617e+01	1.732763e+01	2.082351e-02	2.914294e-01	-4.164314e+00	Argon	
455	6.348994e+01	1.863900e+01	3.844926e+01	1.910972e-01	-1.455218e+00	2.646274e+00	Argon	
456	6.826181e+00	7.287852e+01	7.437537e+01	6.780238e-01	5.424663e-02	9.332582e-01	Argon	
457	4.293426e+01	2.719201e+01	5.315892e+01	-8.799242e-01	9.607801e-01	-2.683890e+00	Argon	
458	3.636568e+01	7.265413e+01	5.942507e+01	-1.202400e+00	-1.487840e-01	1.907817e+00	Argon	
459	1.756200e+00	7.426867e+01	6.166396e-01	1.407308e+00	-4.704122e-01	-7.685052e-01	Argon	
460	3.713896e+01	5.951176e+01	4.891663e+01	-1.570698e+00	-3.304635e-01	7.267952e-01	Argon	
461	3.047604e+01	4.654645e+01	1.054594e+01	2.226451e+00	2.073796e+00	-2.176791e-01	Argon	
462	3.342103e+01	2.449568e+01	1.301233e+01	2.962985e-01	-6.096601e-01	1.871796e+00	Argon	
463	1.219513e+01	3.687896e+01	4.390172e+01	6.822147e-01	-9.563096e-01	2.453411e+00	Argon	
464	7.449851e+00	6.733829e+01	4.967803e+01	7.145538e-04	1.534538e+00	-2.943316e+00	Argon	
465	1.524248e+01	5.053297e+01	6.454935e+01	-5.673977e-01	-9.965154e-01	-1.490037e+00	Argon	
466	6.572811e+01	3.810434e+01	4.143724e+01	4.956814e-01	1.063385e+00	-3.213225e+00	Argon	
467	5.987754e+01	6.785791e+01	2.841425e+01	-1.391756e+00	-3.055458e-01	6.195778e-01	Argon	
468	6.717875e+01	7.512620e+01	4.020442e+01	1.997939e+00	-8.526076e-01	1.601215e+00	Argon	
469	1.740599e+01	5.682449e+01	7.115389e+01	2.859225e+00	-1.120589e+00	5.544773e-01	Argon	
470	4.765613e+01	7.155782e+01	1.828785e+01	-4.689215e-01	4.490533e-02	-4.427590e+00	Argon	
471	6.155815e+01	2.299959e+01	4.306737e+01	3.139425e-02	4.663751e+00	2.169420e-01	Argon	
472	4.358681e+01	5.164510e+01	5.279576e+01	-1.016131e+00	1.548672e-01	3.599691e+00	Argon	
473	3.081477e+01	7.128705e+01	4.143651e+01	1.996544e+00	6.060982e-02	-2.876676e+00	Argon	
474	4.870920e+00	7.998769e+01	6.329570e+01	-2.795489e-01	-1.118361e-01	-4.512348e+00	Argon	
475	6.307283e+01	7.878255e+01	4.523320e+01	-3.240088e+00	-1.233514e+00	-2.209453e-01	Argon	
476	6.002797e+00	6.126429e+01	3.270391e+01	-1.186770e-01	-1.448802e+00	-8.280599e-01	Argon	
477	3.414436e+01	7.426275e+01	6.127359e+01	4.853826e-01	1.263326e+00	1.263615e+00	Argon	
478	6.268689e+01	6.686818e+01	4.831314e+01	-2.838046e+00	-1.210185e-01	5.994875e-01	Argon	
479	6.359010e+00	6.475363e+01	8.094486e+01	-3.108872e+00	-6.188013e-01	4.577675e-01	Argon	
480	5.184063e+01	6.871508e+01	7.601902e+01	6.448940e-01	-2.709060e+00	9.943430e-01	Argon	
481	5.224631e+01	7.984425e+01	4.013614e+01	-3.226765e+00	-1.594614e+00	-8.354909e-02	Argon	
482	4.528630e+01	4.504819e+01	2.339930e+01	-1.705264e+00	-1.113010e+00	-9.101138e-01	Argon	
483	4.375663e+01	3.490410e+01	4.803423e+01	8.388887e-01	-7.156097e-01	-3.004460e+00	Argon	
484	7.197547e+01	7.484579e+00	9.977566e+00	-2.523878e+00	6.111391e-01	6.161090e-02	Argon	
485	3.308981e+00	2.847808e+01	5.833059e+01	2.193068e+00	7.919573e-01	-1.248589e+00	Argon	
486	4.928285e+01	5.572446e+01	6.958112e+01	-1.594833e+00	4.829282e-01	-2.723480e-01	Argon	
487	7.893467e+01	6.445803e+01	3.003193e+01	-2.960958e-03	-1.090335e+00	3.700368e+00	Argon	
488	2.113212e+01	6.933291e+01	7.158815e+01	5.170347e-03	-1.695430e-02	4.690087e+00	Argon	
489	4.277634e+01	2.374406e+01	2.992811e+01	1.620466e-01	-3.450565e-01	-4.101885e+00	Argon	
490	5.361869e+01	4.064332e+01	1.358178e+00	2.668232e+00	6.420213e-02	1.181473e+00	Argon	
491	1.037068e+01	5.364623e+01	2.476131e+01	1.040212e+00	-2.547116e+00	2.531757e-01	Argon	
492	6.510656e+01	6.863501e+01	6.307168e+01	-9.354274e-01	9.274560e-01	1.672604e+00	Argon	
493	4.366769e+01	7.922729e+01	4.413931e+01	1.578600e+00	-7.135387e-01	1.949530e-01	Argon	
494	7.837910e+01	7.241326e+01	4.910524e+01	-1.544870e+00	2.704890e-01	-2.650287e+00	Argon	
495	4.846179e+01	5.990876e+01	5.069871e+00	1.826596e-02	2.338585e+00	-1.501709e+00	Argon	
496	6.960691e+01	6.947796e+00	7.043108e+00	-5.771259e-01	-5.638932e-01	-3.348385e+00	Argon	
497	3.617066e+01	4.894113e+01	1.628504e+01	1.151540e-01	-2.523683e+00	-2.235405e+00	Argon	
498	4.753702e+01	8.762819e+00	3.751563e+01	1.384968e+00	9.153267e-01	-6.575240e-01	Argon	
499	3.165512e+01	4.861703e+01	1.749706e+01	4.582093e-01	-2.174418e+00	-1.322300e+00	Argon	
500	5.344550e+01	3.744296e+01	6.262131e+01	-4.942424e-01	2.552675e+00	-8.031735e-01	Argon	
501	2.449360e+01	3.222645e+01	1.337468e+01	1.884897e+00	-2.941031e+00	-2.623941e-02	Argon	
502	4.159994e+01	5.146703e+01	5.810288e+00	2.495829e+00	2.171577e-01	-1.565696e-01	Argon	
503	1.563648e+01	2.430532e+01	9.864929e+00	8.724568e-01	2.667028e+00	-2.678354e-01	Argon	
504	1.507330e+01	3.556324e+01	6.644170e+01	3.920029e-01	4.607108e-01	-3.013914e+00	Argon	
505	7.943532e+01	6.795559e+01	6.615678e+01	-8.900186e-01	-2.576500e-01	2.601553e+00	Argon	
506	5.314618e+01	3.066493e+01	4.674719e+01	9.076627e-01	-1.063226e+00	2.864591e+00	Argon	
507	6.987324e+01	5.866407e+01	2.895608e+01	-1.111614e+00	2.707384e+00	2.598281e-01	Argon	
508	2.394175e+01	6.672788e+01	7.239883e+01	3.789197e-01	2.045581e-01	1.723434e+00	Argon	
509	7.116634e+01	7.461494e+01	6.185161e+01	-1.496003e-01	2.292405e+00	2.231451e+00	Argon	
510	5.643664e+01	1.559335e+01	4.060070e+01	-2.394125e+00	-1.005022e+00	-2.116884e-01	Argon	
511	5.553274e+01	4.104085e+01	1.230149e+00	-2.400975e-01	8.396752e-01	3.030676e-01	Argon	
512	6.571636e+01	7.702452e+01	4.877548e+01	4.613256e-02	3.908093e-01	2.331228e+00	Argon	
