#ATOMDATA Id type x=3 u=3
#INPUTCONV temp 0.5822
#INPUTCONV moment 1
#INPUTCONV angmoment 1
1 Na 0.000000 0.000000 0.000000 0.0 0.0 0.0
2 Na 0.000000 2.810000 2.810000 0.0 0.0 0.0
3 Na 2.810000 2.810000 0.000000 0.0 0.0 0.0
4 Na 2.810000 0.000000 2.810000 0.0 0.0 0.0
5 Cl 2.810000 2.810000 2.810000 0.0 0.0 0.0
6 Cl 2.810000 0.000000 0.000000 0.0 0.0 0.0
7 Cl 0.000000 0.000000 2.810000 0.0 0.0 0.0
8 Cl 0.000000 2.810000 0.000000 0.0 0.0 0.0
9 Na 0.000000 0.000000 5.620000 0.0 0.0 0.0
10 Na 0.000000 2.810000 8.430000 0.0 0.0 0.0
11 Na 2.810000 2.810000 5.620000 0.0 0.0 0.0
12 Na 2.810000 0.000000 8.430000 0.0 0.0 0.0
13 Cl 2.810000 2.810000 8.430000 0.0 0.0 0.0
14 Cl 2.810000 0.000000 5.620000 0.0 0.0 0.0
15 Cl 0.000000 0.000000 8.430000 0.0 0.0 0.0
16 Cl 0.000000 2.810000 5.620000 0.0 0.0 0.0
17 Na 0.000000 0.000000 11.240000 0.0 0.0 0.0
18 Na 0.000000 2.810000 14.050000 0.0 0.0 0.0
19 Na 2.810000 2.810000 11.240000 0.0 0.0 0.0
20 Na 2.810000 0.000000 14.050000 0.0 0.0 0.0
21 Cl 2.810000 2.810000 14.050000 0.0 0.0 0.0
22 Cl 2.810000 0.000000 11.240000 0.0 0.0 0.0
23 Cl 0.000000 0.000000 14.050000 0.0 0.0 0.0
24 Cl 0.000000 2.810000 11.240000 0.0 0.0 0.0
25 Na 0.000000 0.000000 16.860000 0.0 0.0 0.0
26 Na 0.000000 2.810000 19.670000 0.0 0.0 0.0
27 Na 2.810000 2.810000 16.860000 0.0 0.0 0.0
28 Na 2.810000 0.000000 19.670000 0.0 0.0 0.0
29 Cl 2.810000 2.810000 19.670000 0.0 0.0 0.0
30 Cl 2.810000 0.000000 16.860000 0.0 0.0 0.0
31 Cl 0.000000 0.000000 19.670000 0.0 0.0 0.0
32 Cl 0.000000 2.810000 16.860000 0.0 0.0 0.0
33 Na 0.000000 5.620000 0.000000 0.0 0.0 0.0
34 Na 0.000000 8.430000 2.810000 0.0 0.0 0.0
35 Na 2.810000 8.430000 0.000000 0.0 0.0 0.0
36 Na 2.810000 5.620000 2.810000 0.0 0.0 0.0
37 Cl 2.810000 8.430000 2.810000 0.0 0.0 0.0
38 Cl 2.810000 5.620000 0.000000 0.0 0.0 0.0
39 Cl 0.000000 5.620000 2.810000 0.0 0.0 0.0
40 Cl 0.000000 8.430000 0.000000 0.0 0.0 0.0
41 Na 0.000000 5.620000 5.620000 0.0 0.0 0.0
42 Na 0.000000 8.430000 8.430000 0.0 0.0 0.0
43 Na 2.810000 8.430000 5.620000 0.0 0.0 0.0
44 Na 2.810000 5.620000 8.430000 0.0 0.0 0.0
45 Cl 2.810000 8.430000 8.430000 0.0 0.0 0.0
46 Cl 2.810000 5.620000 5.620000 0.0 0.0 0.0
47 Cl 0.000000 5.620000 8.430000 0.0 0.0 0.0
48 Cl 0.000000 8.430000 5.620000 0.0 0.0 0.0
49 Na 0.000000 5.620000 11.240000 0.0 0.0 0.0
50 Na 0.000000 8.430000 14.050000 0.0 0.0 0.0
51 Na 2.810000 8.430000 11.240000 0.0 0.0 0.0
52 Na 2.810000 5.620000 14.050000 0.0 0.0 0.0
53 Cl 2.810000 8.430000 14.050000 0.0 0.0 0.0
54 Cl 2.810000 5.620000 11.240000 0.0 0.0 0.0
55 Cl 0.000000 5.620000 14.050000 0.0 0.0 0.0
56 Cl 0.000000 8.430000 11.240000 0.0 0.0 0.0
57 Na 0.000000 5.620000 16.860000 0.0 0.0 0.0
58 Na 0.000000 8.430000 19.670000 0.0 0.0 0.0
59 Na 2.810000 8.430000 16.860000 0.0 0.0 0.0
60 Na 2.810000 5.620000 19.670000 0.0 0.0 0.0
61 Cl 2.810000 8.430000 19.670000 0.0 0.0 0.0
62 Cl 2.810000 5.620000 16.860000 0.0 0.0 0.0
63 Cl 0.000000 5.620000 19.670000 0.0 0.0 0.0
64 Cl 0.000000 8.430000 16.860000 0.0 0.0 0.0
65 Na 0.000000 11.240000 0.000000 0.0 0.0 0.0
66 Na 0.000000 14.050000 2.810000 0.0 0.0 0.0
67 Na 2.810000 14.050000 0.000000 0.0 0.0 0.0
68 Na 2.810000 11.240000 2.810000 0.0 0.0 0.0
69 Cl 2.810000 14.050000 2.810000 0.0 0.0 0.0
70 Cl 2.810000 11.240000 0.000000 0.0 0.0 0.0
71 Cl 0.000000 11.240000 2.810000 0.0 0.0 0.0
72 Cl 0.000000 14.050000 0.000000 0.0 0.0 0.0
73 Na 0.000000 11.240000 5.620000 0.0 0.0 0.0
74 Na 0.000000 14.050000 8.430000 0.0 0.0 0.0
75 Na 2.810000 14.050000 5.620000 0.0 0.0 0.0
76 Na 2.810000 11.240000 8.430000 0.0 0.0 0.0
77 Cl 2.810000 14.050000 8.430000 0.0 0.0 0.0
78 Cl 2.810000 11.240000 5.620000 0.0 0.0 0.0
79 Cl 0.000000 11.240000 8.430000 0.0 0.0 0.0
80 Cl 0.000000 14.050000 5.620000 0.0 0.0 0.0
81 Na 0.000000 11.240000 11.240000 0.0 0.0 0.0
82 Na 0.000000 14.050000 14.050000 0.0 0.0 0.0
83 Na 2.810000 14.050000 11.240000 0.0 0.0 0.0
84 Na 2.810000 11.240000 14.050000 0.0 0.0 0.0
85 Cl 2.810000 14.050000 14.050000 0.0 0.0 0.0
86 Cl 2.810000 11.240000 11.240000 0.0 0.0 0.0
87 Cl 0.000000 11.240000 14.050000 0.0 0.0 0.0
88 Cl 0.000000 14.050000 11.240000 0.0 0.0 0.0
89 Na 0.000000 11.240000 16.860000 0.0 0.0 0.0
90 Na 0.000000 14.050000 19.670000 0.0 0.0 0.0
91 Na 2.810000 14.050000 16.860000 0.0 0.0 0.0
92 Na 2.810000 11.240000 19.670000 0.0 0.0 0.0
93 Cl 2.810000 14.050000 19.670000 0.0 0.0 0.0
94 Cl 2.810000 11.240000 16.860000 0.0 0.0 0.0
95 Cl 0.000000 11.240000 19.670000 0.0 0.0 0.0
96 Cl 0.000000 14.050000 16.860000 0.0 0.0 0.0
97 Na 0.000000 16.860000 0.000000 0.0 0.0 0.0
98 Na 0.000000 19.670000 2.810000 0.0 0.0 0.0
99 Na 2.810000 19.670000 0.000000 0.0 0.0 0.0
100 Na 2.810000 16.860000 2.810000 0.0 0.0 0.0
101 Cl 2.810000 19.670000 2.810000 0.0 0.0 0.0
102 Cl 2.810000 16.860000 0.000000 0.0 0.0 0.0
103 Cl 0.000000 16.860000 2.810000 0.0 0.0 0.0
104 Cl 0.000000 19.670000 0.000000 0.0 0.0 0.0
105 Na 0.000000 16.860000 5.620000 0.0 0.0 0.0
106 Na 0.000000 19.670000 8.430000 0.0 0.0 0.0
107 Na 2.810000 19.670000 5.620000 0.0 0.0 0.0
108 Na 2.810000 16.860000 8.430000 0.0 0.0 0.0
109 Cl 2.810000 19.670000 8.430000 0.0 0.0 0.0
110 Cl 2.810000 16.860000 5.620000 0.0 0.0 0.0
111 Cl 0.000000 16.860000 8.430000 0.0 0.0 0.0
112 Cl 0.000000 19.670000 5.620000 0.0 0.0 0.0
113 Na 0.000000 16.860000 11.240000 0.0 0.0 0.0
114 Na 0.000000 19.670000 14.050000 0.0 0.0 0.0
115 Na 2.810000 19.670000 11.240000 0.0 0.0 0.0
116 Na 2.810000 16.860000 14.050000 0.0 0.0 0.0
117 Cl 2.810000 19.670000 14.050000 0.0 0.0 0.0
118 Cl 2.810000 16.860000 11.240000 0.0 0.0 0.0
119 Cl 0.000000 16.860000 14.050000 0.0 0.0 0.0
120 Cl 0.000000 19.670000 11.240000 0.0 0.0 0.0
121 Na 0.000000 16.860000 16.860000 0.0 0.0 0.0
122 Na 0.000000 19.670000 19.670000 0.0 0.0 0.0
123 Na 2.810000 19.670000 16.860000 0.0 0.0 0.0
124 Na 2.810000 16.860000 19.670000 0.0 0.0 0.0
125 Cl 2.810000 19.670000 19.670000 0.0 0.0 0.0
126 Cl 2.810000 16.860000 16.860000 0.0 0.0 0.0
127 Cl 0.000000 16.860000 19.670000 0.0 0.0 0.0
128 Cl 0.000000 19.670000 16.860000 0.0 0.0 0.0
129 Na 5.620000 0.000000 0.000000 0.0 0.0 0.0
130 Na 5.620000 2.810000 2.810000 0.0 0.0 0.0
131 Na 8.430000 2.810000 0.000000 0.0 0.0 0.0
132 Na 8.430000 0.000000 2.810000 0.0 0.0 0.0
133 Cl 8.430000 2.810000 2.810000 0.0 0.0 0.0
134 Cl 8.430000 0.000000 0.000000 0.0 0.0 0.0
135 Cl 5.620000 0.000000 2.810000 0.0 0.0 0.0
136 Cl 5.620000 2.810000 0.000000 0.0 0.0 0.0
137 Na 5.620000 0.000000 5.620000 0.0 0.0 0.0
138 Na 5.620000 2.810000 8.430000 0.0 0.0 0.0
139 Na 8.430000 2.810000 5.620000 0.0 0.0 0.0
140 Na 8.430000 0.000000 8.430000 0.0 0.0 0.0
141 Cl 8.430000 2.810000 8.430000 0.0 0.0 0.0
142 Cl 8.430000 0.000000 5.620000 0.0 0.0 0.0
143 Cl 5.620000 0.000000 8.430000 0.0 0.0 0.0
144 Cl 5.620000 2.810000 5.620000 0.0 0.0 0.0
145 Na 5.620000 0.000000 11.240000 0.0 0.0 0.0
146 Na 5.620000 2.810000 14.050000 0.0 0.0 0.0
147 Na 8.430000 2.810000 11.240000 0.0 0.0 0.0
148 Na 8.430000 0.000000 14.050000 0.0 0.0 0.0
149 Cl 8.430000 2.810000 14.050000 0.0 0.0 0.0
150 Cl 8.430000 0.000000 11.240000 0.0 0.0 0.0
151 Cl 5.620000 0.000000 14.050000 0.0 0.0 0.0
152 Cl 5.620000 2.810000 11.240000 0.0 0.0 0.0
153 Na 5.620000 0.000000 16.860000 0.0 0.0 0.0
154 Na 5.620000 2.810000 19.670000 0.0 0.0 0.0
155 Na 8.430000 2.810000 16.860000 0.0 0.0 0.0
156 Na 8.430000 0.000000 19.670000 0.0 0.0 0.0
157 Cl 8.430000 2.810000 19.670000 0.0 0.0 0.0
158 Cl 8.430000 0.000000 16.860000 0.0 0.0 0.0
159 Cl 5.620000 0.000000 19.670000 0.0 0.0 0.0
160 Cl 5.620000 2.810000 16.860000 0.0 0.0 0.0
161 Na 5.620000 5.620000 0.000000 0.0 0.0 0.0
162 Na 5.620000 8.430000 2.810000 0.0 0.0 0.0
163 Na 8.430000 8.430000 0.000000 0.0 0.0 0.0
164 Na 8.430000 5.620000 2.810000 0.0 0.0 0.0
165 Cl 8.430000 8.430000 2.810000 0.0 0.0 0.0
166 Cl 8.430000 5.620000 0.000000 0.0 0.0 0.0
167 Cl 5.620000 5.620000 2.810000 0.0 0.0 0.0
168 Cl 5.620000 8.430000 0.000000 0.0 0.0 0.0
169 Na 5.620000 5.620000 5.620000 0.0 0.0 0.0
170 Na 5.620000 8.430000 8.430000 0.0 0.0 0.0
171 Na 8.430000 8.430000 5.620000 0.0 0.0 0.0
172 Na 8.430000 5.620000 8.430000 0.0 0.0 0.0
173 Cl 8.430000 8.430000 8.430000 0.0 0.0 0.0
174 Cl 8.430000 5.620000 5.620000 0.0 0.0 0.0
175 Cl 5.620000 5.620000 8.430000 0.0 0.0 0.0
176 Cl 5.620000 8.430000 5.620000 0.0 0.0 0.0
177 Na 5.620000 5.620000 11.240000 0.0 0.0 0.0
178 Na 5.620000 8.430000 14.050000 0.0 0.0 0.0
179 Na 8.430000 8.430000 11.240000 0.0 0.0 0.0
180 Na 8.430000 5.620000 14.050000 0.0 0.0 0.0
181 Cl 8.430000 8.430000 14.050000 0.0 0.0 0.0
182 Cl 8.430000 5.620000 11.240000 0.0 0.0 0.0
183 Cl 5.620000 5.620000 14.050000 0.0 0.0 0.0
184 Cl 5.620000 8.430000 11.240000 0.0 0.0 0.0
185 Na 5.620000 5.620000 16.860000 0.0 0.0 0.0
186 Na 5.620000 8.430000 19.670000 0.0 0.0 0.0
187 Na 8.430000 5.620000 19.670000 0.0 0.0 0.0
188 Cl 8.430000 8.430000 19.670000 0.0 0.0 0.0
189 Cl 8.430000 5.620000 16.860000 0.0 0.0 0.0
190 Cl 5.620000 8.430000 16.860000 0.0 0.0 0.0
191 Na 5.620000 14.050000 2.810000 0.0 0.0 0.0
192 Na 8.430000 14.050000 0.000000 0.0 0.0 0.0
193 Na 8.430000 11.240000 2.810000 0.0 0.0 0.0
194 Cl 8.430000 14.050000 2.810000 0.0 0.0 0.0
195 Cl 8.430000 11.240000 0.000000 0.0 0.0 0.0
196 Cl 5.620000 14.050000 0.000000 0.0 0.0 0.0
197 Na 5.620000 11.240000 5.620000 0.0 0.0 0.0
198 Na 5.620000 14.050000 8.430000 0.0 0.0 0.0
199 Na 8.430000 14.050000 5.620000 0.0 0.0 0.0
200 Na 8.430000 11.240000 8.430000 0.0 0.0 0.0
201 Cl 8.430000 14.050000 8.430000 0.0 0.0 0.0
202 Cl 8.430000 11.240000 5.620000 0.0 0.0 0.0
203 Cl 5.620000 11.240000 8.430000 0.0 0.0 0.0
204 Cl 5.620000 14.050000 5.620000 0.0 0.0 0.0
205 Na 5.620000 11.240000 11.240000 0.0 0.0 0.0
206 Na 5.620000 14.050000 14.050000 0.0 0.0 0.0
207 Na 8.430000 14.050000 11.240000 0.0 0.0 0.0
208 Na 8.430000 11.240000 14.050000 0.0 0.0 0.0
209 Cl 8.430000 14.050000 14.050000 0.0 0.0 0.0
210 Cl 8.430000 11.240000 11.240000 0.0 0.0 0.0
211 Cl 5.620000 11.240000 14.050000 0.0 0.0 0.0
212 Cl 5.620000 14.050000 11.240000 0.0 0.0 0.0
213 Na 5.620000 11.240000 16.860000 0.0 0.0 0.0
214 Na 5.620000 14.050000 19.670000 0.0 0.0 0.0
215 Na 8.430000 14.050000 16.860000 0.0 0.0 0.0
216 Na 8.430000 11.240000 19.670000 0.0 0.0 0.0
217 Cl 8.430000 14.050000 19.670000 0.0 0.0 0.0
218 Cl 8.430000 11.240000 16.860000 0.0 0.0 0.0
219 Cl 5.620000 11.240000 19.670000 0.0 0.0 0.0
220 Cl 5.620000 14.050000 16.860000 0.0 0.0 0.0
221 Na 5.620000 16.860000 0.000000 0.0 0.0 0.0
222 Na 5.620000 19.670000 2.810000 0.0 0.0 0.0
223 Na 8.430000 16.860000 2.810000 0.0 0.0 0.0
224 Cl 8.430000 19.670000 2.810000 0.0 0.0 0.0
225 Cl 5.620000 16.860000 2.810000 0.0 0.0 0.0
226 Cl 5.620000 19.670000 0.000000 0.0 0.0 0.0
227 Na 5.620000 16.860000 5.620000 0.0 0.0 0.0
228 Na 5.620000 19.670000 8.430000 0.0 0.0 0.0
229 Na 8.430000 19.670000 5.620000 0.0 0.0 0.0
230 Na 8.430000 16.860000 8.430000 0.0 0.0 0.0
231 Cl 8.430000 19.670000 8.430000 0.0 0.0 0.0
232 Cl 8.430000 16.860000 5.620000 0.0 0.0 0.0
233 Cl 5.620000 16.860000 8.430000 0.0 0.0 0.0
234 Cl 5.620000 19.670000 5.620000 0.0 0.0 0.0
235 Na 5.620000 16.860000 11.240000 0.0 0.0 0.0
236 Na 5.620000 19.670000 14.050000 0.0 0.0 0.0
237 Na 8.430000 19.670000 11.240000 0.0 0.0 0.0
238 Na 8.430000 16.860000 14.050000 0.0 0.0 0.0
239 Cl 8.430000 19.670000 14.050000 0.0 0.0 0.0
240 Cl 8.430000 16.860000 11.240000 0.0 0.0 0.0
241 Cl 5.620000 16.860000 14.050000 0.0 0.0 0.0
242 Cl 5.620000 19.670000 11.240000 0.0 0.0 0.0
243 Na 5.620000 16.860000 16.860000 0.0 0.0 0.0
244 Na 5.620000 19.670000 19.670000 0.0 0.0 0.0
245 Na 8.430000 19.670000 16.860000 0.0 0.0 0.0
246 Na 8.430000 16.860000 19.670000 0.0 0.0 0.0
247 Cl 8.430000 19.670000 19.670000 0.0 0.0 0.0
248 Cl 8.430000 16.860000 16.860000 0.0 0.0 0.0
249 Cl 5.620000 16.860000 19.670000 0.0 0.0 0.0
250 Cl 5.620000 19.670000 16.860000 0.0 0.0 0.0
251 Na 11.240000 0.000000 0.000000 0.0 0.0 0.0
252 Na 11.240000 2.810000 2.810000 0.0 0.0 0.0
253 Na 14.050000 2.810000 0.000000 0.0 0.0 0.0
254 Na 14.050000 0.000000 2.810000 0.0 0.0 0.0
255 Cl 14.050000 2.810000 2.810000 0.0 0.0 0.0
256 Cl 14.050000 0.000000 0.000000 0.0 0.0 0.0
257 Cl 11.240000 0.000000 2.810000 0.0 0.0 0.0
258 Cl 11.240000 2.810000 0.000000 0.0 0.0 0.0
259 Na 11.240000 0.000000 5.620000 0.0 0.0 0.0
260 Na 11.240000 2.810000 8.430000 0.0 0.0 0.0
261 Na 14.050000 2.810000 5.620000 0.0 0.0 0.0
262 Na 14.050000 0.000000 8.430000 0.0 0.0 0.0
263 Cl 14.050000 2.810000 8.430000 0.0 0.0 0.0
264 Cl 14.050000 0.000000 5.620000 0.0 0.0 0.0
265 Cl 11.240000 0.000000 8.430000 0.0 0.0 0.0
266 Cl 11.240000 2.810000 5.620000 0.0 0.0 0.0
267 Na 11.240000 0.000000 11.240000 0.0 0.0 0.0
268 Na 11.240000 2.810000 14.050000 0.0 0.0 0.0
269 Na 14.050000 2.810000 11.240000 0.0 0.0 0.0
270 Na 14.050000 0.000000 14.050000 0.0 0.0 0.0
271 Cl 14.050000 2.810000 14.050000 0.0 0.0 0.0
272 Cl 14.050000 0.000000 11.240000 0.0 0.0 0.0
273 Cl 11.240000 0.000000 14.050000 0.0 0.0 0.0
274 Cl 11.240000 2.810000 11.240000 0.0 0.0 0.0
275 Na 11.240000 0.000000 16.860000 0.0 0.0 0.0
276 Na 11.240000 2.810000 19.670000 0.0 0.0 0.0
277 Na 14.050000 2.810000 16.860000 0.0 0.0 0.0
278 Na 14.050000 0.000000 19.670000 0.0 0.0 0.0
279 Cl 14.050000 2.810000 19.670000 0.0 0.0 0.0
280 Cl 14.050000 0.000000 16.860000 0.0 0.0 0.0
281 Cl 11.240000 0.000000 19.670000 0.0 0.0 0.0
282 Cl 11.240000 2.810000 16.860000 0.0 0.0 0.0
283 Na 11.240000 5.620000 0.000000 0.0 0.0 0.0
284 Na 11.240000 8.430000 2.810000 0.0 0.0 0.0
285 Na 14.050000 8.430000 0.000000 0.0 0.0 0.0
286 Na 14.050000 5.620000 2.810000 0.0 0.0 0.0
287 Cl 14.050000 8.430000 2.810000 0.0 0.0 0.0
288 Cl 14.050000 5.620000 0.000000 0.0 0.0 0.0
289 Cl 11.240000 5.620000 2.810000 0.0 0.0 0.0
290 Cl 11.240000 8.430000 0.000000 0.0 0.0 0.0
291 Na 11.240000 5.620000 5.620000 0.0 0.0 0.0
292 Na 11.240000 8.430000 8.430000 0.0 0.0 0.0
293 Na 14.050000 8.430000 5.620000 0.0 0.0 0.0
294 Na 14.050000 5.620000 8.430000 0.0 0.0 0.0
295 Cl 14.050000 8.430000 8.430000 0.0 0.0 0.0
296 Cl 14.050000 5.620000 5.620000 0.0 0.0 0.0
297 Cl 11.240000 5.620000 8.430000 0.0 0.0 0.0
298 Cl 11.240000 8.430000 5.620000 0.0 0.0 0.0
299 Na 11.240000 5.620000 11.240000 0.0 0.0 0.0
300 Na 11.240000 8.430000 14.050000 0.0 0.0 0.0
301 Na 14.050000 8.430000 11.240000 0.0 0.0 0.0
302 Na 14.050000 5.620000 14.050000 0.0 0.0 0.0
303 Cl 14.050000 8.430000 14.050000 0.0 0.0 0.0
304 Cl 14.050000 5.620000 11.240000 0.0 0.0 0.0
305 Cl 11.240000 5.620000 14.050000 0.0 0.0 0.0
306 Cl 11.240000 8.430000 11.240000 0.0 0.0 0.0
307 Na 11.240000 5.620000 16.860000 0.0 0.0 0.0
308 Na 11.240000 8.430000 19.670000 0.0 0.0 0.0
309 Na 14.050000 8.430000 16.860000 0.0 0.0 0.0
310 Na 14.050000 5.620000 19.670000 0.0 0.0 0.0
311 Cl 14.050000 8.430000 19.670000 0.0 0.0 0.0
312 Cl 14.050000 5.620000 16.860000 0.0 0.0 0.0
313 Cl 11.240000 5.620000 19.670000 0.0 0.0 0.0
314 Cl 11.240000 8.430000 16.860000 0.0 0.0 0.0
315 Na 11.240000 11.240000 0.000000 0.0 0.0 0.0
316 Na 11.240000 14.050000 2.810000 0.0 0.0 0.0
317 Na 14.050000 11.240000 2.810000 0.0 0.0 0.0
318 Cl 14.050000 14.050000 2.810000 0.0 0.0 0.0
319 Cl 14.050000 11.240000 0.000000 0.0 0.0 0.0
320 Cl 11.240000 11.240000 2.810000 0.0 0.0 0.0
321 Na 11.240000 11.240000 5.620000 0.0 0.0 0.0
322 Na 14.050000 14.050000 5.620000 0.0 0.0 0.0
323 Na 14.050000 11.240000 8.430000 0.0 0.0 0.0
324 Cl 14.050000 11.240000 5.620000 0.0 0.0 0.0
325 Cl 11.240000 11.240000 8.430000 0.0 0.0 0.0
326 Cl 11.240000 14.050000 5.620000 0.0 0.0 0.0
327 Na 11.240000 11.240000 11.240000 0.0 0.0 0.0
328 Na 11.240000 14.050000 14.050000 0.0 0.0 0.0
329 Na 14.050000 14.050000 11.240000 0.0 0.0 0.0
330 Na 14.050000 11.240000 14.050000 0.0 0.0 0.0
331 Cl 14.050000 14.050000 14.050000 0.0 0.0 0.0
332 Cl 14.050000 11.240000 11.240000 0.0 0.0 0.0
333 Cl 11.240000 11.240000 14.050000 0.0 0.0 0.0
334 Cl 11.240000 14.050000 11.240000 0.0 0.0 0.0
335 Na 11.240000 11.240000 16.860000 0.0 0.0 0.0
336 Na 11.240000 14.050000 19.670000 0.0 0.0 0.0
337 Na 14.050000 14.050000 16.860000 0.0 0.0 0.0
338 Na 14.050000 11.240000 19.670000 0.0 0.0 0.0
339 Cl 14.050000 14.050000 19.670000 0.0 0.0 0.0
340 Cl 14.050000 11.240000 16.860000 0.0 0.0 0.0
341 Cl 11.240000 11.240000 19.670000 0.0 0.0 0.0
342 Cl 11.240000 14.050000 16.860000 0.0 0.0 0.0
343 Na 11.240000 16.860000 0.000000 0.0 0.0 0.0
344 Na 11.240000 19.670000 2.810000 0.0 0.0 0.0
345 Na 14.050000 19.670000 0.000000 0.0 0.0 0.0
346 Na 14.050000 16.860000 2.810000 0.0 0.0 0.0
347 Cl 14.050000 19.670000 2.810000 0.0 0.0 0.0
348 Cl 14.050000 16.860000 0.000000 0.0 0.0 0.0
349 Cl 11.240000 16.860000 2.810000 0.0 0.0 0.0
350 Cl 11.240000 19.670000 0.000000 0.0 0.0 0.0
351 Na 11.240000 16.860000 5.620000 0.0 0.0 0.0
352 Na 11.240000 19.670000 8.430000 0.0 0.0 0.0
353 Na 14.050000 19.670000 5.620000 0.0 0.0 0.0
354 Na 14.050000 16.860000 8.430000 0.0 0.0 0.0
355 Cl 14.050000 19.670000 8.430000 0.0 0.0 0.0
356 Cl 14.050000 16.860000 5.620000 0.0 0.0 0.0
357 Cl 11.240000 16.860000 8.430000 0.0 0.0 0.0
358 Cl 11.240000 19.670000 5.620000 0.0 0.0 0.0
359 Na 11.240000 16.860000 11.240000 0.0 0.0 0.0
360 Na 14.050000 19.670000 11.240000 0.0 0.0 0.0
361 Na 14.050000 16.860000 14.050000 0.0 0.0 0.0
362 Cl 14.050000 19.670000 14.050000 0.0 0.0 0.0
363 Cl 11.240000 16.860000 14.050000 0.0 0.0 0.0
364 Cl 11.240000 19.670000 11.240000 0.0 0.0 0.0
365 Na 11.240000 16.860000 16.860000 0.0 0.0 0.0
366 Na 11.240000 19.670000 19.670000 0.0 0.0 0.0
367 Na 14.050000 19.670000 16.860000 0.0 0.0 0.0
368 Na 14.050000 16.860000 19.670000 0.0 0.0 0.0
369 Cl 14.050000 19.670000 19.670000 0.0 0.0 0.0
370 Cl 14.050000 16.860000 16.860000 0.0 0.0 0.0
371 Cl 11.240000 16.860000 19.670000 0.0 0.0 0.0
372 Cl 11.240000 19.670000 16.860000 0.0 0.0 0.0
373 Na 16.860000 0.000000 0.000000 0.0 0.0 0.0
374 Na 16.860000 2.810000 2.810000 0.0 0.0 0.0
375 Na 19.670000 2.810000 0.000000 0.0 0.0 0.0
376 Na 19.670000 0.000000 2.810000 0.0 0.0 0.0
377 Cl 19.670000 2.810000 2.810000 0.0 0.0 0.0
378 Cl 19.670000 0.000000 0.000000 0.0 0.0 0.0
379 Cl 16.860000 0.000000 2.810000 0.0 0.0 0.0
380 Cl 16.860000 2.810000 0.000000 0.0 0.0 0.0
381 Na 16.860000 0.000000 5.620000 0.0 0.0 0.0
382 Na 16.860000 2.810000 8.430000 0.0 0.0 0.0
383 Na 19.670000 2.810000 5.620000 0.0 0.0 0.0
384 Na 19.670000 0.000000 8.430000 0.0 0.0 0.0
385 Cl 19.670000 2.810000 8.430000 0.0 0.0 0.0
386 Cl 19.670000 0.000000 5.620000 0.0 0.0 0.0
387 Cl 16.860000 0.000000 8.430000 0.0 0.0 0.0
388 Cl 16.860000 2.810000 5.620000 0.0 0.0 0.0
389 Na 16.860000 0.000000 11.240000 0.0 0.0 0.0
390 Na 16.860000 2.810000 14.050000 0.0 0.0 0.0
391 Na 19.670000 2.810000 11.240000 0.0 0.0 0.0
392 Na 19.670000 0.000000 14.050000 0.0 0.0 0.0
393 Cl 19.670000 2.810000 14.050000 0.0 0.0 0.0
394 Cl 19.670000 0.000000 11.240000 0.0 0.0 0.0
395 Cl 16.860000 0.000000 14.050000 0.0 0.0 0.0
396 Cl 16.860000 2.810000 11.240000 0.0 0.0 0.0
397 Na 16.860000 0.000000 16.860000 0.0 0.0 0.0
398 Na 16.860000 2.810000 19.670000 0.0 0.0 0.0
399 Na 19.670000 2.810000 16.860000 0.0 0.0 0.0
400 Na 19.670000 0.000000 19.670000 0.0 0.0 0.0
401 Cl 19.670000 2.810000 19.670000 0.0 0.0 0.0
402 Cl 19.670000 0.000000 16.860000 0.0 0.0 0.0
403 Cl 16.860000 0.000000 19.670000 0.0 0.0 0.0
404 Cl 16.860000 2.810000 16.860000 0.0 0.0 0.0
405 Na 16.860000 5.620000 0.000000 0.0 0.0 0.0
406 Na 16.860000 8.430000 2.810000 0.0 0.0 0.0
407 Na 19.670000 8.430000 0.000000 0.0 0.0 0.0
408 Na 19.670000 5.620000 2.810000 0.0 0.0 0.0
409 Cl 19.670000 8.430000 2.810000 0.0 0.0 0.0
410 Cl 19.670000 5.620000 0.000000 0.0 0.0 0.0
411 Cl 16.860000 5.620000 2.810000 0.0 0.0 0.0
412 Cl 16.860000 8.430000 0.000000 0.0 0.0 0.0
413 Na 16.860000 5.620000 5.620000 0.0 0.0 0.0
414 Na 16.860000 8.430000 8.430000 0.0 0.0 0.0
415 Na 19.670000 8.430000 5.620000 0.0 0.0 0.0
416 Na 19.670000 5.620000 8.430000 0.0 0.0 0.0
417 Cl 19.670000 8.430000 8.430000 0.0 0.0 0.0
418 Cl 19.670000 5.620000 5.620000 0.0 0.0 0.0
419 Cl 16.860000 5.620000 8.430000 0.0 0.0 0.0
420 Cl 16.860000 8.430000 5.620000 0.0 0.0 0.0
421 Na 16.860000 5.620000 11.240000 0.0 0.0 0.0
422 Na 16.860000 8.430000 14.050000 0.0 0.0 0.0
423 Na 19.670000 8.430000 11.240000 0.0 0.0 0.0
424 Na 19.670000 5.620000 14.050000 0.0 0.0 0.0
425 Cl 19.670000 8.430000 14.050000 0.0 0.0 0.0
426 Cl 19.670000 5.620000 11.240000 0.0 0.0 0.0
427 Cl 16.860000 5.620000 14.050000 0.0 0.0 0.0
428 Cl 16.860000 8.430000 11.240000 0.0 0.0 0.0
429 Na 16.860000 5.620000 16.860000 0.0 0.0 0.0
430 Na 16.860000 8.430000 19.670000 0.0 0.0 0.0
431 Na 19.670000 8.430000 16.860000 0.0 0.0 0.0
432 Na 19.670000 5.620000 19.670000 0.0 0.0 0.0
433 Cl 19.670000 8.430000 19.670000 0.0 0.0 0.0
434 Cl 19.670000 5.620000 16.860000 0.0 0.0 0.0
435 Cl 16.860000 5.620000 19.670000 0.0 0.0 0.0
436 Cl 16.860000 8.430000 16.860000 0.0 0.0 0.0
437 Na 16.860000 11.240000 0.000000 0.0 0.0 0.0
438 Na 16.860000 14.050000 2.810000 0.0 0.0 0.0
439 Na 19.670000 14.050000 0.000000 0.0 0.0 0.0
440 Na 19.670000 11.240000 2.810000 0.0 0.0 0.0
441 Cl 19.670000 14.050000 2.810000 0.0 0.0 0.0
442 Cl 19.670000 11.240000 0.000000 0.0 0.0 0.0
443 Cl 16.860000 11.240000 2.810000 0.0 0.0 0.0
444 Cl 16.860000 14.050000 0.000000 0.0 0.0 0.0
445 Na 16.860000 11.240000 5.620000 0.0 0.0 0.0
446 Na 16.860000 14.050000 8.430000 0.0 0.0 0.0
447 Na 19.670000 14.050000 5.620000 0.0 0.0 0.0
448 Na 19.670000 11.240000 8.430000 0.0 0.0 0.0
449 Cl 19.670000 14.050000 8.430000 0.0 0.0 0.0
450 Cl 19.670000 11.240000 5.620000 0.0 0.0 0.0
451 Cl 16.860000 11.240000 8.430000 0.0 0.0 0.0
452 Cl 16.860000 14.050000 5.620000 0.0 0.0 0.0
453 Na 16.860000 11.240000 11.240000 0.0 0.0 0.0
454 Na 16.860000 14.050000 14.050000 0.0 0.0 0.0
455 Na 19.670000 14.050000 11.240000 0.0 0.0 0.0
456 Na 19.670000 11.240000 14.050000 0.0 0.0 0.0
457 Cl 19.670000 14.050000 14.050000 0.0 0.0 0.0
458 Cl 19.670000 11.240000 11.240000 0.0 0.0 0.0
459 Cl 16.860000 11.240000 14.050000 0.0 0.0 0.0
460 Cl 16.860000 14.050000 11.240000 0.0 0.0 0.0
461 Na 16.860000 11.240000 16.860000 0.0 0.0 0.0
462 Na 16.860000 14.050000 19.670000 0.0 0.0 0.0
463 Na 19.670000 14.050000 16.860000 0.0 0.0 0.0
464 Na 19.670000 11.240000 19.670000 0.0 0.0 0.0
465 Cl 19.670000 14.050000 19.670000 0.0 0.0 0.0
466 Cl 19.670000 11.240000 16.860000 0.0 0.0 0.0
467 Cl 16.860000 11.240000 19.670000 0.0 0.0 0.0
468 Cl 16.860000 14.050000 16.860000 0.0 0.0 0.0
469 Na 16.860000 16.860000 0.000000 0.0 0.0 0.0
470 Na 16.860000 19.670000 2.810000 0.0 0.0 0.0
471 Na 19.670000 19.670000 0.000000 0.0 0.0 0.0
472 Na 19.670000 16.860000 2.810000 0.0 0.0 0.0
473 Cl 19.670000 19.670000 2.810000 0.0 0.0 0.0
474 Cl 19.670000 16.860000 0.000000 0.0 0.0 0.0
475 Cl 16.860000 16.860000 2.810000 0.0 0.0 0.0
476 Cl 16.860000 19.670000 0.000000 0.0 0.0 0.0
477 Na 16.860000 16.860000 5.620000 0.0 0.0 0.0
478 Na 16.860000 19.670000 8.430000 0.0 0.0 0.0
479 Na 19.670000 19.670000 5.620000 0.0 0.0 0.0
480 Na 19.670000 16.860000 8.430000 0.0 0.0 0.0
481 Cl 19.670000 19.670000 8.430000 0.0 0.0 0.0
482 Cl 19.670000 16.860000 5.620000 0.0 0.0 0.0
483 Cl 16.860000 16.860000 8.430000 0.0 0.0 0.0
484 Cl 16.860000 19.670000 5.620000 0.0 0.0 0.0
485 Na 16.860000 16.860000 11.240000 0.0 0.0 0.0
486 Na 16.860000 19.670000 14.050000 0.0 0.0 0.0
487 Na 19.670000 19.670000 11.240000 0.0 0.0 0.0
488 Na 19.670000 16.860000 14.050000 0.0 0.0 0.0
489 Cl 19.670000 19.670000 14.050000 0.0 0.0 0.0
490 Cl 19.670000 16.860000 11.240000 0.0 0.0 0.0
491 Cl 16.860000 16.860000 14.050000 0.0 0.0 0.0
492 Cl 16.860000 19.670000 11.240000 0.0 0.0 0.0
493 Na 16.860000 16.860000 16.860000 0.0 0.0 0.0
494 Na 16.860000 19.670000 19.670000 0.0 0.0 0.0
495 Na 19.670000 19.670000 16.860000 0.0 0.0 0.0
496 Na 19.670000 16.860000 19.670000 0.0 0.0 0.0
497 Cl 19.670000 19.670000 19.670000 0.0 0.0 0.0
498 Cl 19.670000 16.860000 16.860000 0.0 0.0 0.0
499 Cl 16.860000 16.860000 19.670000 0.0 0.0 0.0
500 Cl 16.860000 19.670000 16.860000 0.0 0.0 0.0
