#ATOMDATA Id type x=3 u=3
#INPUTCONV temp 0.5822
#INPUTCONV moment 1
#INPUTCONV angmoment 1
1 Na 0.000000 0.000000 0.000000 0.0 0.0 0.0
2 Na 0.000000 2.810000 2.810000 0.0 0.0 0.0
3 Na 2.810000 2.810000 0.000000 0.0 0.0 0.0
4 Na 2.810000 0.000000 2.810000 0.0 0.0 0.0
5 Cl 2.810000 2.810000 2.810000 0.0 0.0 0.0
6 Cl 2.810000 0.000000 0.000000 0.0 0.0 0.0
7 Cl 0.000000 0.000000 2.810000 0.0 0.0 0.0
8 Cl 0.000000 2.810000 0.000000 0.0 0.0 0.0
9 Na 0.000000 0.000000 5.620000 0.0 0.0 0.0
10 Na 0.000000 2.810000 8.430000 0.0 0.0 0.0
11 Na 2.810000 2.810000 5.620000 0.0 0.0 0.0
12 Na 2.810000 0.000000 8.430000 0.0 0.0 0.0
13 Cl 2.810000 2.810000 8.430000 0.0 0.0 0.0
14 Cl 2.810000 0.000000 5.620000 0.0 0.0 0.0
15 Cl 0.000000 0.000000 8.430000 0.0 0.0 0.0
16 Cl 0.000000 2.810000 5.620000 0.0 0.0 0.0
17 Na 0.000000 0.000000 11.240000 0.0 0.0 0.0
18 Na 0.000000 2.810000 14.050000 0.0 0.0 0.0
19 Na 2.810000 2.810000 11.240000 0.0 0.0 0.0
20 Na 2.810000 0.000000 14.050000 0.0 0.0 0.0
21 Cl 2.810000 2.810000 14.050000 0.0 0.0 0.0
22 Cl 2.810000 0.000000 11.240000 0.0 0.0 0.0
23 Cl 0.000000 0.000000 14.050000 0.0 0.0 0.0
24 Cl 0.000000 2.810000 11.240000 0.0 0.0 0.0
25 Na 0.000000 0.000000 16.860000 0.0 0.0 0.0
26 Na 0.000000 2.810000 19.670000 0.0 0.0 0.0
27 Na 2.810000 2.810000 16.860000 0.0 0.0 0.0
28 Na 2.810000 0.000000 19.670000 0.0 0.0 0.0
29 Cl 2.810000 2.810000 19.670000 0.0 0.0 0.0
30 Cl 2.810000 0.000000 16.860000 0.0 0.0 0.0
31 Cl 0.000000 0.000000 19.670000 0.0 0.0 0.0
32 Cl 0.000000 2.810000 16.860000 0.0 0.0 0.0
33 Na 0.000000 5.620000 0.000000 0.0 0.0 0.0
34 Na 0.000000 8.430000 2.810000 0.0 0.0 0.0
35 Na 2.810000 8.430000 0.000000 0.0 0.0 0.0
36 Na 2.810000 5.620000 2.810000 0.0 0.0 0.0
37 Cl 2.810000 8.430000 2.810000 0.0 0.0 0.0
38 Cl 2.810000 5.620000 0.000000 0.0 0.0 0.0
39 Cl 0.000000 5.620000 2.810000 0.0 0.0 0.0
40 Cl 0.000000 8.430000 0.000000 0.0 0.0 0.0
41 Na 0.000000 5.620000 5.620000 0.0 0.0 0.0
42 Na 0.000000 8.430000 8.430000 0.0 0.0 0.0
43 Na 2.810000 8.430000 5.620000 0.0 0.0 0.0
44 Na 2.810000 5.620000 8.430000 0.0 0.0 0.0
45 Cl 2.810000 8.430000 8.430000 0.0 0.0 0.0
46 Cl 2.810000 5.620000 5.620000 0.0 0.0 0.0
47 Cl 0.000000 5.620000 8.430000 0.0 0.0 0.0
48 Cl 0.000000 8.430000 5.620000 0.0 0.0 0.0
49 Na 0.000000 5.620000 11.240000 0.0 0.0 0.0
50 Na 0.000000 8.430000 14.050000 0.0 0.0 0.0
51 Na 2.810000 8.430000 11.240000 0.0 0.0 0.0
52 Na 2.810000 5.620000 14.050000 0.0 0.0 0.0
53 Cl 2.810000 8.430000 14.050000 0.0 0.0 0.0
54 Cl 2.810000 5.620000 11.240000 0.0 0.0 0.0
55 Cl 0.000000 5.620000 14.050000 0.0 0.0 0.0
56 Cl 0.000000 8.430000 11.240000 0.0 0.0 0.0
57 Na 0.000000 5.620000 16.860000 0.0 0.0 0.0
58 Na 0.000000 8.430000 19.670000 0.0 0.0 0.0
59 Na 2.810000 8.430000 16.860000 0.0 0.0 0.0
60 Na 2.810000 5.620000 19.670000 0.0 0.0 0.0
61 Cl 2.810000 8.430000 19.670000 0.0 0.0 0.0
62 Cl 2.810000 5.620000 16.860000 0.0 0.0 0.0
63 Cl 0.000000 5.620000 19.670000 0.0 0.0 0.0
64 Cl 0.000000 8.430000 16.860000 0.0 0.0 0.0
65 Na 0.000000 11.240000 0.000000 0.0 0.0 0.0
66 Na 0.000000 14.050000 2.810000 0.0 0.0 0.0
67 Na 2.810000 14.050000 0.000000 0.0 0.0 0.0
68 Na 2.810000 11.240000 2.810000 0.0 0.0 0.0
69 Cl 2.810000 14.050000 2.810000 0.0 0.0 0.0
70 Cl 2.810000 11.240000 0.000000 0.0 0.0 0.0
71 Cl 0.000000 11.240000 2.810000 0.0 0.0 0.0
72 Cl 0.000000 14.050000 0.000000 0.0 0.0 0.0
73 Na 0.000000 11.240000 5.620000 0.0 0.0 0.0
74 Na 0.000000 14.050000 8.430000 0.0 0.0 0.0
75 Na 2.810000 14.050000 5.620000 0.0 0.0 0.0
76 Na 2.810000 11.240000 8.430000 0.0 0.0 0.0
77 Cl 2.810000 14.050000 8.430000 0.0 0.0 0.0
78 Cl 2.810000 11.240000 5.620000 0.0 0.0 0.0
79 Cl 0.000000 11.240000 8.430000 0.0 0.0 0.0
80 Cl 0.000000 14.050000 5.620000 0.0 0.0 0.0
81 Na 0.000000 11.240000 11.240000 0.0 0.0 0.0
82 Na 0.000000 14.050000 14.050000 0.0 0.0 0.0
83 Na 2.810000 14.050000 11.240000 0.0 0.0 0.0
84 Na 2.810000 11.240000 14.050000 0.0 0.0 0.0
85 Cl 2.810000 14.050000 14.050000 0.0 0.0 0.0
86 Cl 2.810000 11.240000 11.240000 0.0 0.0 0.0
87 Cl 0.000000 11.240000 14.050000 0.0 0.0 0.0
88 Cl 0.000000 14.050000 11.240000 0.0 0.0 0.0
89 Na 0.000000 11.240000 16.860000 0.0 0.0 0.0
90 Na 0.000000 14.050000 19.670000 0.0 0.0 0.0
91 Na 2.810000 14.050000 16.860000 0.0 0.0 0.0
92 Na 2.810000 11.240000 19.670000 0.0 0.0 0.0
93 Cl 2.810000 14.050000 19.670000 0.0 0.0 0.0
94 Cl 2.810000 11.240000 16.860000 0.0 0.0 0.0
95 Cl 0.000000 11.240000 19.670000 0.0 0.0 0.0
96 Cl 0.000000 14.050000 16.860000 0.0 0.0 0.0
97 Na 0.000000 16.860000 0.000000 0.0 0.0 0.0
98 Na 2.810000 19.670000 0.000000 0.0 0.0 0.0
99 Na 2.810000 16.860000 2.810000 0.0 0.0 0.0
100 Cl 2.810000 19.670000 2.810000 0.0 0.0 0.0
101 Cl 0.000000 16.860000 2.810000 0.0 0.0 0.0
102 Cl 0.000000 19.670000 0.000000 0.0 0.0 0.0
103 Na 0.000000 16.860000 5.620000 0.0 0.0 0.0
104 Na 0.000000 19.670000 8.430000 0.0 0.0 0.0
105 Na 2.810000 19.670000 5.620000 0.0 0.0 0.0
106 Na 2.810000 16.860000 8.430000 0.0 0.0 0.0
107 Cl 2.810000 19.670000 8.430000 0.0 0.0 0.0
108 Cl 2.810000 16.860000 5.620000 0.0 0.0 0.0
109 Cl 0.000000 16.860000 8.430000 0.0 0.0 0.0
110 Cl 0.000000 19.670000 5.620000 0.0 0.0 0.0
111 Na 0.000000 16.860000 11.240000 0.0 0.0 0.0
112 Na 0.000000 19.670000 14.050000 0.0 0.0 0.0
113 Na 2.810000 19.670000 11.240000 0.0 0.0 0.0
114 Na 2.810000 16.860000 14.050000 0.0 0.0 0.0
115 Cl 2.810000 19.670000 14.050000 0.0 0.0 0.0
116 Cl 2.810000 16.860000 11.240000 0.0 0.0 0.0
117 Cl 0.000000 16.860000 14.050000 0.0 0.0 0.0
118 Cl 0.000000 19.670000 11.240000 0.0 0.0 0.0
119 Na 0.000000 16.860000 16.860000 0.0 0.0 0.0
120 Na 0.000000 19.670000 19.670000 0.0 0.0 0.0
121 Na 2.810000 16.860000 19.670000 0.0 0.0 0.0
122 Cl 2.810000 19.670000 19.670000 0.0 0.0 0.0
123 Cl 0.000000 16.860000 19.670000 0.0 0.0 0.0
124 Cl 0.000000 19.670000 16.860000 0.0 0.0 0.0
125 Na 5.620000 0.000000 0.000000 0.0 0.0 0.0
126 Na 5.620000 2.810000 2.810000 0.0 0.0 0.0
127 Na 8.430000 2.810000 0.000000 0.0 0.0 0.0
128 Na 8.430000 0.000000 2.810000 0.0 0.0 0.0
129 Cl 8.430000 2.810000 2.810000 0.0 0.0 0.0
130 Cl 8.430000 0.000000 0.000000 0.0 0.0 0.0
131 Cl 5.620000 0.000000 2.810000 0.0 0.0 0.0
132 Cl 5.620000 2.810000 0.000000 0.0 0.0 0.0
133 Na 5.620000 0.000000 5.620000 0.0 0.0 0.0
134 Na 5.620000 2.810000 8.430000 0.0 0.0 0.0
135 Na 8.430000 2.810000 5.620000 0.0 0.0 0.0
136 Na 8.430000 0.000000 8.430000 0.0 0.0 0.0
137 Cl 8.430000 2.810000 8.430000 0.0 0.0 0.0
138 Cl 8.430000 0.000000 5.620000 0.0 0.0 0.0
139 Cl 5.620000 0.000000 8.430000 0.0 0.0 0.0
140 Cl 5.620000 2.810000 5.620000 0.0 0.0 0.0
141 Na 5.620000 0.000000 11.240000 0.0 0.0 0.0
142 Na 5.620000 2.810000 14.050000 0.0 0.0 0.0
143 Na 8.430000 2.810000 11.240000 0.0 0.0 0.0
144 Na 8.430000 0.000000 14.050000 0.0 0.0 0.0
145 Cl 8.430000 2.810000 14.050000 0.0 0.0 0.0
146 Cl 8.430000 0.000000 11.240000 0.0 0.0 0.0
147 Cl 5.620000 0.000000 14.050000 0.0 0.0 0.0
148 Cl 5.620000 2.810000 11.240000 0.0 0.0 0.0
149 Na 5.620000 0.000000 16.860000 0.0 0.0 0.0
150 Na 5.620000 2.810000 19.670000 0.0 0.0 0.0
151 Na 8.430000 2.810000 16.860000 0.0 0.0 0.0
152 Na 8.430000 0.000000 19.670000 0.0 0.0 0.0
153 Cl 8.430000 2.810000 19.670000 0.0 0.0 0.0
154 Cl 8.430000 0.000000 16.860000 0.0 0.0 0.0
155 Cl 5.620000 0.000000 19.670000 0.0 0.0 0.0
156 Cl 5.620000 2.810000 16.860000 0.0 0.0 0.0
157 Na 5.620000 5.620000 0.000000 0.0 0.0 0.0
158 Na 5.620000 8.430000 2.810000 0.0 0.0 0.0
159 Na 8.430000 8.430000 0.000000 0.0 0.0 0.0
160 Na 8.430000 5.620000 2.810000 0.0 0.0 0.0
161 Cl 8.430000 8.430000 2.810000 0.0 0.0 0.0
162 Cl 8.430000 5.620000 0.000000 0.0 0.0 0.0
163 Cl 5.620000 5.620000 2.810000 0.0 0.0 0.0
164 Cl 5.620000 8.430000 0.000000 0.0 0.0 0.0
165 Na 5.620000 5.620000 5.620000 0.0 0.0 0.0
166 Na 5.620000 8.430000 8.430000 0.0 0.0 0.0
167 Na 8.430000 8.430000 5.620000 0.0 0.0 0.0
168 Na 8.430000 5.620000 8.430000 0.0 0.0 0.0
169 Cl 8.430000 8.430000 8.430000 0.0 0.0 0.0
170 Cl 8.430000 5.620000 5.620000 0.0 0.0 0.0
171 Cl 5.620000 5.620000 8.430000 0.0 0.0 0.0
172 Cl 5.620000 8.430000 5.620000 0.0 0.0 0.0
173 Na 5.620000 5.620000 11.240000 0.0 0.0 0.0
174 Na 5.620000 8.430000 14.050000 0.0 0.0 0.0
175 Na 8.430000 8.430000 11.240000 0.0 0.0 0.0
176 Na 8.430000 5.620000 14.050000 0.0 0.0 0.0
177 Cl 8.430000 8.430000 14.050000 0.0 0.0 0.0
178 Cl 8.430000 5.620000 11.240000 0.0 0.0 0.0
179 Cl 5.620000 5.620000 14.050000 0.0 0.0 0.0
180 Cl 5.620000 8.430000 11.240000 0.0 0.0 0.0
181 Na 5.620000 5.620000 16.860000 0.0 0.0 0.0
182 Na 5.620000 8.430000 19.670000 0.0 0.0 0.0
183 Na 8.430000 8.430000 16.860000 0.0 0.0 0.0
184 Na 8.430000 5.620000 19.670000 0.0 0.0 0.0
185 Cl 8.430000 8.430000 19.670000 0.0 0.0 0.0
186 Cl 8.430000 5.620000 16.860000 0.0 0.0 0.0
187 Cl 5.620000 5.620000 19.670000 0.0 0.0 0.0
188 Cl 5.620000 8.430000 16.860000 0.0 0.0 0.0
189 Na 5.620000 11.240000 0.000000 0.0 0.0 0.0
190 Na 5.620000 14.050000 2.810000 0.0 0.0 0.0
191 Na 8.430000 14.050000 0.000000 0.0 0.0 0.0
192 Na 8.430000 11.240000 2.810000 0.0 0.0 0.0
193 Cl 8.430000 14.050000 2.810000 0.0 0.0 0.0
194 Cl 8.430000 11.240000 0.000000 0.0 0.0 0.0
195 Cl 5.620000 11.240000 2.810000 0.0 0.0 0.0
196 Cl 5.620000 14.050000 0.000000 0.0 0.0 0.0
197 Na 5.620000 11.240000 5.620000 0.0 0.0 0.0
198 Na 5.620000 14.050000 8.430000 0.0 0.0 0.0
199 Na 8.430000 14.050000 5.620000 0.0 0.0 0.0
200 Na 8.430000 11.240000 8.430000 0.0 0.0 0.0
201 Cl 8.430000 14.050000 8.430000 0.0 0.0 0.0
202 Cl 8.430000 11.240000 5.620000 0.0 0.0 0.0
203 Cl 5.620000 11.240000 8.430000 0.0 0.0 0.0
204 Cl 5.620000 14.050000 5.620000 0.0 0.0 0.0
205 Na 5.620000 11.240000 11.240000 0.0 0.0 0.0
206 Na 5.620000 14.050000 14.050000 0.0 0.0 0.0
207 Na 8.430000 14.050000 11.240000 0.0 0.0 0.0
208 Na 8.430000 11.240000 14.050000 0.0 0.0 0.0
209 Cl 8.430000 14.050000 14.050000 0.0 0.0 0.0
210 Cl 8.430000 11.240000 11.240000 0.0 0.0 0.0
211 Cl 5.620000 11.240000 14.050000 0.0 0.0 0.0
212 Cl 5.620000 14.050000 11.240000 0.0 0.0 0.0
213 Na 5.620000 11.240000 16.860000 0.0 0.0 0.0
214 Na 5.620000 14.050000 19.670000 0.0 0.0 0.0
215 Na 8.430000 14.050000 16.860000 0.0 0.0 0.0
216 Na 8.430000 11.240000 19.670000 0.0 0.0 0.0
217 Cl 8.430000 14.050000 19.670000 0.0 0.0 0.0
218 Cl 8.430000 11.240000 16.860000 0.0 0.0 0.0
219 Cl 5.620000 11.240000 19.670000 0.0 0.0 0.0
220 Cl 5.620000 14.050000 16.860000 0.0 0.0 0.0
221 Na 5.620000 16.860000 0.000000 0.0 0.0 0.0
222 Na 5.620000 19.670000 2.810000 0.0 0.0 0.0
223 Na 8.430000 19.670000 0.000000 0.0 0.0 0.0
224 Na 8.430000 16.860000 2.810000 0.0 0.0 0.0
225 Cl 8.430000 19.670000 2.810000 0.0 0.0 0.0
226 Cl 8.430000 16.860000 0.000000 0.0 0.0 0.0
227 Cl 5.620000 16.860000 2.810000 0.0 0.0 0.0
228 Cl 5.620000 19.670000 0.000000 0.0 0.0 0.0
229 Na 5.620000 16.860000 5.620000 0.0 0.0 0.0
230 Na 8.430000 19.670000 5.620000 0.0 0.0 0.0
231 Na 8.430000 16.860000 8.430000 0.0 0.0 0.0
232 Cl 8.430000 19.670000 8.430000 0.0 0.0 0.0
233 Cl 5.620000 16.860000 8.430000 0.0 0.0 0.0
234 Cl 5.620000 19.670000 5.620000 0.0 0.0 0.0
235 Na 5.620000 16.860000 11.240000 0.0 0.0 0.0
236 Na 5.620000 19.670000 14.050000 0.0 0.0 0.0
237 Na 8.430000 16.860000 14.050000 0.0 0.0 0.0
238 Cl 8.430000 19.670000 14.050000 0.0 0.0 0.0
239 Cl 5.620000 16.860000 14.050000 0.0 0.0 0.0
240 Cl 5.620000 19.670000 11.240000 0.0 0.0 0.0
241 Na 5.620000 16.860000 16.860000 0.0 0.0 0.0
242 Na 5.620000 19.670000 19.670000 0.0 0.0 0.0
243 Na 8.430000 19.670000 16.860000 0.0 0.0 0.0
244 Na 8.430000 16.860000 19.670000 0.0 0.0 0.0
245 Cl 8.430000 19.670000 19.670000 0.0 0.0 0.0
246 Cl 8.430000 16.860000 16.860000 0.0 0.0 0.0
247 Cl 5.620000 16.860000 19.670000 0.0 0.0 0.0
248 Cl 5.620000 19.670000 16.860000 0.0 0.0 0.0
249 Na 11.240000 0.000000 0.000000 0.0 0.0 0.0
250 Na 11.240000 2.810000 2.810000 0.0 0.0 0.0
251 Na 14.050000 2.810000 0.000000 0.0 0.0 0.0
252 Na 14.050000 0.000000 2.810000 0.0 0.0 0.0
253 Cl 14.050000 2.810000 2.810000 0.0 0.0 0.0
254 Cl 14.050000 0.000000 0.000000 0.0 0.0 0.0
255 Cl 11.240000 0.000000 2.810000 0.0 0.0 0.0
256 Cl 11.240000 2.810000 0.000000 0.0 0.0 0.0
257 Na 11.240000 2.810000 8.430000 0.0 0.0 0.0
258 Na 14.050000 2.810000 5.620000 0.0 0.0 0.0
259 Na 14.050000 0.000000 8.430000 0.0 0.0 0.0
260 Cl 14.050000 2.810000 8.430000 0.0 0.0 0.0
261 Cl 11.240000 0.000000 8.430000 0.0 0.0 0.0
262 Cl 11.240000 2.810000 5.620000 0.0 0.0 0.0
263 Na 11.240000 0.000000 11.240000 0.0 0.0 0.0
264 Na 11.240000 2.810000 14.050000 0.0 0.0 0.0
265 Na 14.050000 2.810000 11.240000 0.0 0.0 0.0
266 Na 14.050000 0.000000 14.050000 0.0 0.0 0.0
267 Cl 14.050000 2.810000 14.050000 0.0 0.0 0.0
268 Cl 14.050000 0.000000 11.240000 0.0 0.0 0.0
269 Cl 11.240000 0.000000 14.050000 0.0 0.0 0.0
270 Cl 11.240000 2.810000 11.240000 0.0 0.0 0.0
271 Na 11.240000 0.000000 16.860000 0.0 0.0 0.0
272 Na 11.240000 2.810000 19.670000 0.0 0.0 0.0
273 Na 14.050000 2.810000 16.860000 0.0 0.0 0.0
274 Na 14.050000 0.000000 19.670000 0.0 0.0 0.0
275 Cl 14.050000 2.810000 19.670000 0.0 0.0 0.0
276 Cl 14.050000 0.000000 16.860000 0.0 0.0 0.0
277 Cl 11.240000 0.000000 19.670000 0.0 0.0 0.0
278 Cl 11.240000 2.810000 16.860000 0.0 0.0 0.0
279 Na 11.240000 5.620000 0.000000 0.0 0.0 0.0
280 Na 11.240000 8.430000 2.810000 0.0 0.0 0.0
281 Na 14.050000 8.430000 0.000000 0.0 0.0 0.0
282 Na 14.050000 5.620000 2.810000 0.0 0.0 0.0
283 Cl 14.050000 8.430000 2.810000 0.0 0.0 0.0
284 Cl 14.050000 5.620000 0.000000 0.0 0.0 0.0
285 Cl 11.240000 5.620000 2.810000 0.0 0.0 0.0
286 Cl 11.240000 8.430000 0.000000 0.0 0.0 0.0
287 Na 11.240000 5.620000 5.620000 0.0 0.0 0.0
288 Na 11.240000 8.430000 8.430000 0.0 0.0 0.0
289 Na 14.050000 8.430000 5.620000 0.0 0.0 0.0
290 Na 14.050000 5.620000 8.430000 0.0 0.0 0.0
291 Cl 14.050000 8.430000 8.430000 0.0 0.0 0.0
292 Cl 14.050000 5.620000 5.620000 0.0 0.0 0.0
293 Cl 11.240000 5.620000 8.430000 0.0 0.0 0.0
294 Cl 11.240000 8.430000 5.620000 0.0 0.0 0.0
295 Na 11.240000 5.620000 11.240000 0.0 0.0 0.0
296 Na 11.240000 8.430000 14.050000 0.0 0.0 0.0
297 Na 14.050000 8.430000 11.240000 0.0 0.0 0.0
298 Cl 14.050000 5.620000 11.240000 0.0 0.0 0.0
299 Cl 11.240000 5.620000 14.050000 0.0 0.0 0.0
300 Cl 11.240000 8.430000 11.240000 0.0 0.0 0.0
301 Na 11.240000 5.620000 16.860000 0.0 0.0 0.0
302 Na 11.240000 8.430000 19.670000 0.0 0.0 0.0
303 Na 14.050000 8.430000 16.860000 0.0 0.0 0.0
304 Na 14.050000 5.620000 19.670000 0.0 0.0 0.0
305 Cl 14.050000 8.430000 19.670000 0.0 0.0 0.0
306 Cl 14.050000 5.620000 16.860000 0.0 0.0 0.0
307 Cl 11.240000 5.620000 19.670000 0.0 0.0 0.0
308 Cl 11.240000 8.430000 16.860000 0.0 0.0 0.0
309 Na 11.240000 11.240000 0.000000 0.0 0.0 0.0
310 Na 11.240000 14.050000 2.810000 0.0 0.0 0.0
311 Na 14.050000 14.050000 0.000000 0.0 0.0 0.0
312 Na 14.050000 11.240000 2.810000 0.0 0.0 0.0
313 Cl 14.050000 14.050000 2.810000 0.0 0.0 0.0
314 Cl 14.050000 11.240000 0.000000 0.0 0.0 0.0
315 Cl 11.240000 11.240000 2.810000 0.0 0.0 0.0
316 Cl 11.240000 14.050000 0.000000 0.0 0.0 0.0
317 Na 11.240000 11.240000 5.620000 0.0 0.0 0.0
318 Na 11.240000 14.050000 8.430000 0.0 0.0 0.0
319 Na 14.050000 14.050000 5.620000 0.0 0.0 0.0
320 Cl 14.050000 14.050000 8.430000 0.0 0.0 0.0
321 Cl 14.050000 11.240000 5.620000 0.0 0.0 0.0
322 Cl 11.240000 11.240000 8.430000 0.0 0.0 0.0
323 Na 11.240000 11.240000 11.240000 0.0 0.0 0.0
324 Na 11.240000 14.050000 14.050000 0.0 0.0 0.0
325 Na 14.050000 14.050000 11.240000 0.0 0.0 0.0
326 Na 14.050000 11.240000 14.050000 0.0 0.0 0.0
327 Cl 14.050000 14.050000 14.050000 0.0 0.0 0.0
328 Cl 14.050000 11.240000 11.240000 0.0 0.0 0.0
329 Cl 11.240000 11.240000 14.050000 0.0 0.0 0.0
330 Cl 11.240000 14.050000 11.240000 0.0 0.0 0.0
331 Na 11.240000 11.240000 16.860000 0.0 0.0 0.0
332 Na 11.240000 14.050000 19.670000 0.0 0.0 0.0
333 Na 14.050000 14.050000 16.860000 0.0 0.0 0.0
334 Na 14.050000 11.240000 19.670000 0.0 0.0 0.0
335 Cl 14.050000 14.050000 19.670000 0.0 0.0 0.0
336 Cl 14.050000 11.240000 16.860000 0.0 0.0 0.0
337 Cl 11.240000 11.240000 19.670000 0.0 0.0 0.0
338 Cl 11.240000 14.050000 16.860000 0.0 0.0 0.0
339 Na 11.240000 16.860000 0.000000 0.0 0.0 0.0
340 Na 11.240000 19.670000 2.810000 0.0 0.0 0.0
341 Na 14.050000 19.670000 0.000000 0.0 0.0 0.0
342 Na 14.050000 16.860000 2.810000 0.0 0.0 0.0
343 Cl 14.050000 19.670000 2.810000 0.0 0.0 0.0
344 Cl 14.050000 16.860000 0.000000 0.0 0.0 0.0
345 Cl 11.240000 16.860000 2.810000 0.0 0.0 0.0
346 Cl 11.240000 19.670000 0.000000 0.0 0.0 0.0
347 Na 11.240000 16.860000 5.620000 0.0 0.0 0.0
348 Na 11.240000 19.670000 8.430000 0.0 0.0 0.0
349 Na 14.050000 19.670000 5.620000 0.0 0.0 0.0
350 Na 14.050000 16.860000 8.430000 0.0 0.0 0.0
351 Cl 14.050000 19.670000 8.430000 0.0 0.0 0.0
352 Cl 14.050000 16.860000 5.620000 0.0 0.0 0.0
353 Cl 11.240000 16.860000 8.430000 0.0 0.0 0.0
354 Cl 11.240000 19.670000 5.620000 0.0 0.0 0.0
355 Na 11.240000 16.860000 11.240000 0.0 0.0 0.0
356 Na 11.240000 19.670000 14.050000 0.0 0.0 0.0
357 Na 14.050000 19.670000 11.240000 0.0 0.0 0.0
358 Na 14.050000 16.860000 14.050000 0.0 0.0 0.0
359 Cl 14.050000 19.670000 14.050000 0.0 0.0 0.0
360 Cl 14.050000 16.860000 11.240000 0.0 0.0 0.0
361 Cl 11.240000 16.860000 14.050000 0.0 0.0 0.0
362 Cl 11.240000 19.670000 11.240000 0.0 0.0 0.0
363 Na 11.240000 16.860000 16.860000 0.0 0.0 0.0
364 Na 11.240000 19.670000 19.670000 0.0 0.0 0.0
365 Na 14.050000 19.670000 16.860000 0.0 0.0 0.0
366 Na 14.050000 16.860000 19.670000 0.0 0.0 0.0
367 Cl 14.050000 19.670000 19.670000 0.0 0.0 0.0
368 Cl 14.050000 16.860000 16.860000 0.0 0.0 0.0
369 Cl 11.240000 16.860000 19.670000 0.0 0.0 0.0
370 Cl 11.240000 19.670000 16.860000 0.0 0.0 0.0
371 Na 16.860000 0.000000 0.000000 0.0 0.0 0.0
372 Na 16.860000 2.810000 2.810000 0.0 0.0 0.0
373 Na 19.670000 2.810000 0.000000 0.0 0.0 0.0
374 Na 19.670000 0.000000 2.810000 0.0 0.0 0.0
375 Cl 19.670000 2.810000 2.810000 0.0 0.0 0.0
376 Cl 19.670000 0.000000 0.000000 0.0 0.0 0.0
377 Cl 16.860000 0.000000 2.810000 0.0 0.0 0.0
378 Cl 16.860000 2.810000 0.000000 0.0 0.0 0.0
379 Na 16.860000 0.000000 5.620000 0.0 0.0 0.0
380 Na 16.860000 2.810000 8.430000 0.0 0.0 0.0
381 Na 19.670000 2.810000 5.620000 0.0 0.0 0.0
382 Na 19.670000 0.000000 8.430000 0.0 0.0 0.0
383 Cl 19.670000 2.810000 8.430000 0.0 0.0 0.0
384 Cl 19.670000 0.000000 5.620000 0.0 0.0 0.0
385 Cl 16.860000 0.000000 8.430000 0.0 0.0 0.0
386 Cl 16.860000 2.810000 5.620000 0.0 0.0 0.0
387 Na 16.860000 0.000000 11.240000 0.0 0.0 0.0
388 Na 16.860000 2.810000 14.050000 0.0 0.0 0.0
389 Na 19.670000 2.810000 11.240000 0.0 0.0 0.0
390 Na 19.670000 0.000000 14.050000 0.0 0.0 0.0
391 Cl 19.670000 2.810000 14.050000 0.0 0.0 0.0
392 Cl 19.670000 0.000000 11.240000 0.0 0.0 0.0
393 Cl 16.860000 0.000000 14.050000 0.0 0.0 0.0
394 Cl 16.860000 2.810000 11.240000 0.0 0.0 0.0
395 Na 16.860000 0.000000 16.860000 0.0 0.0 0.0
396 Na 16.860000 2.810000 19.670000 0.0 0.0 0.0
397 Na 19.670000 2.810000 16.860000 0.0 0.0 0.0
398 Na 19.670000 0.000000 19.670000 0.0 0.0 0.0
399 Cl 19.670000 2.810000 19.670000 0.0 0.0 0.0
400 Cl 19.670000 0.000000 16.860000 0.0 0.0 0.0
401 Cl 16.860000 0.000000 19.670000 0.0 0.0 0.0
402 Cl 16.860000 2.810000 16.860000 0.0 0.0 0.0
403 Na 16.860000 5.620000 0.000000 0.0 0.0 0.0
404 Na 16.860000 8.430000 2.810000 0.0 0.0 0.0
405 Na 19.670000 8.430000 0.000000 0.0 0.0 0.0
406 Na 19.670000 5.620000 2.810000 0.0 0.0 0.0
407 Cl 19.670000 8.430000 2.810000 0.0 0.0 0.0
408 Cl 19.670000 5.620000 0.000000 0.0 0.0 0.0
409 Cl 16.860000 5.620000 2.810000 0.0 0.0 0.0
410 Cl 16.860000 8.430000 0.000000 0.0 0.0 0.0
411 Na 16.860000 5.620000 5.620000 0.0 0.0 0.0
412 Na 16.860000 8.430000 8.430000 0.0 0.0 0.0
413 Na 19.670000 8.430000 5.620000 0.0 0.0 0.0
414 Cl 19.670000 5.620000 5.620000 0.0 0.0 0.0
415 Cl 16.860000 5.620000 8.430000 0.0 0.0 0.0
416 Cl 16.860000 8.430000 5.620000 0.0 0.0 0.0
417 Na 16.860000 5.620000 11.240000 0.0 0.0 0.0
418 Na 16.860000 8.430000 14.050000 0.0 0.0 0.0
419 Na 19.670000 8.430000 11.240000 0.0 0.0 0.0
420 Na 19.670000 5.620000 14.050000 0.0 0.0 0.0
421 Cl 19.670000 8.430000 14.050000 0.0 0.0 0.0
422 Cl 19.670000 5.620000 11.240000 0.0 0.0 0.0
423 Cl 16.860000 5.620000 14.050000 0.0 0.0 0.0
424 Cl 16.860000 8.430000 11.240000 0.0 0.0 0.0
425 Na 16.860000 5.620000 16.860000 0.0 0.0 0.0
426 Na 16.860000 8.430000 19.670000 0.0 0.0 0.0
427 Na 19.670000 8.430000 16.860000 0.0 0.0 0.0
428 Na 19.670000 5.620000 19.670000 0.0 0.0 0.0
429 Cl 19.670000 8.430000 19.670000 0.0 0.0 0.0
430 Cl 19.670000 5.620000 16.860000 0.0 0.0 0.0
431 Cl 16.860000 5.620000 19.670000 0.0 0.0 0.0
432 Cl 16.860000 8.430000 16.860000 0.0 0.0 0.0
433 Na 16.860000 11.240000 0.000000 0.0 0.0 0.0
434 Na 16.860000 14.050000 2.810000 0.0 0.0 0.0
435 Na 19.670000 14.050000 0.000000 0.0 0.0 0.0
436 Na 19.670000 11.240000 2.810000 0.0 0.0 0.0
437 Cl 19.670000 14.050000 2.810000 0.0 0.0 0.0
438 Cl 19.670000 11.240000 0.000000 0.0 0.0 0.0
439 Cl 16.860000 11.240000 2.810000 0.0 0.0 0.0
440 Cl 16.860000 14.050000 0.000000 0.0 0.0 0.0
441 Na 16.860000 11.240000 5.620000 0.0 0.0 0.0
442 Na 16.860000 14.050000 8.430000 0.0 0.0 0.0
443 Na 19.670000 11.240000 8.430000 0.0 0.0 0.0
444 Cl 19.670000 14.050000 8.430000 0.0 0.0 0.0
445 Cl 19.670000 11.240000 5.620000 0.0 0.0 0.0
446 Cl 16.860000 11.240000 8.430000 0.0 0.0 0.0
447 Na 16.860000 11.240000 11.240000 0.0 0.0 0.0
448 Na 16.860000 14.050000 14.050000 0.0 0.0 0.0
449 Na 19.670000 14.050000 11.240000 0.0 0.0 0.0
450 Na 19.670000 11.240000 14.050000 0.0 0.0 0.0
451 Cl 19.670000 14.050000 14.050000 0.0 0.0 0.0
452 Cl 19.670000 11.240000 11.240000 0.0 0.0 0.0
453 Cl 16.860000 11.240000 14.050000 0.0 0.0 0.0
454 Cl 16.860000 14.050000 11.240000 0.0 0.0 0.0
455 Na 16.860000 11.240000 16.860000 0.0 0.0 0.0
456 Na 16.860000 14.050000 19.670000 0.0 0.0 0.0
457 Na 19.670000 14.050000 16.860000 0.0 0.0 0.0
458 Na 19.670000 11.240000 19.670000 0.0 0.0 0.0
459 Cl 19.670000 14.050000 19.670000 0.0 0.0 0.0
460 Cl 19.670000 11.240000 16.860000 0.0 0.0 0.0
461 Cl 16.860000 11.240000 19.670000 0.0 0.0 0.0
462 Cl 16.860000 14.050000 16.860000 0.0 0.0 0.0
463 Na 16.860000 16.860000 0.000000 0.0 0.0 0.0
464 Na 16.860000 19.670000 2.810000 0.0 0.0 0.0
465 Na 19.670000 19.670000 0.000000 0.0 0.0 0.0
466 Na 19.670000 16.860000 2.810000 0.0 0.0 0.0
467 Cl 19.670000 19.670000 2.810000 0.0 0.0 0.0
468 Cl 19.670000 16.860000 0.000000 0.0 0.0 0.0
469 Cl 16.860000 16.860000 2.810000 0.0 0.0 0.0
470 Cl 16.860000 19.670000 0.000000 0.0 0.0 0.0
471 Na 16.860000 16.860000 5.620000 0.0 0.0 0.0
472 Na 16.860000 19.670000 8.430000 0.0 0.0 0.0
473 Na 19.670000 19.670000 5.620000 0.0 0.0 0.0
474 Na 19.670000 16.860000 8.430000 0.0 0.0 0.0
475 Cl 19.670000 19.670000 8.430000 0.0 0.0 0.0
476 Cl 19.670000 16.860000 5.620000 0.0 0.0 0.0
477 Cl 16.860000 16.860000 8.430000 0.0 0.0 0.0
478 Cl 16.860000 19.670000 5.620000 0.0 0.0 0.0
479 Na 16.860000 16.860000 11.240000 0.0 0.0 0.0
480 Na 16.860000 19.670000 14.050000 0.0 0.0 0.0
481 Na 19.670000 19.670000 11.240000 0.0 0.0 0.0
482 Na 19.670000 16.860000 14.050000 0.0 0.0 0.0
483 Cl 19.670000 19.670000 14.050000 0.0 0.0 0.0
484 Cl 19.670000 16.860000 11.240000 0.0 0.0 0.0
485 Cl 16.860000 16.860000 14.050000 0.0 0.0 0.0
486 Cl 16.860000 19.670000 11.240000 0.0 0.0 0.0
487 Na 16.860000 16.860000 16.860000 0.0 0.0 0.0
488 Na 16.860000 19.670000 19.670000 0.0 0.0 0.0
489 Na 19.670000 16.860000 19.670000 0.0 0.0 0.0
490 Cl 19.670000 19.670000 19.670000 0.0 0.0 0.0
491 Cl 16.860000 16.860000 19.670000 0.0 0.0 0.0
492 Cl 16.860000 19.670000 16.860000 0.0 0.0 0.0
