#ATOMDATA Id type x=3 u=3
#INPUTCONV shift 90 85 120
1 Sun -1.364066e-03 -2.437188e-03 -4.037792e-05 6.128953e-06 -1.446455e-06 -1.302085e-07 
2 Jupiter 1.519027e+00 4.822874e+00 -5.410274e-02 -7.289445e-03 2.627582e-03 1.521886e-04 
3 Saturn -8.118958e+00 -5.456926e+00 4.179962e-01 2.810054e-03 -4.642921e-03 -3.132788e-05 
4 Neptune 2.654087e+01 -1.396202e+01 -3.241319e-01 1.440837e-03 2.796503e-03 -9.120284e-05 
5 Uranus 1.989591e+01 2.522582e+00 -2.483900e-01 -5.234324e-04 3.718497e-03 2.050100e-05 
6 Earth 4.483719e-02 9.803829e-01 -7.313319e-05 -1.746210e-02 7.363172e-04 1.681994e-08 
7 Venus -6.282869e-01 -3.597200e-01 3.124578e-02 9.880132e-03 -1.766927e-02 -8.120815e-04 
8 Mars 9.482097e-01 -1.017796e+00 -4.462845e-02 1.075801e-02 1.075380e-02 -3.877759e-05 
9 Mercury -3.718282e-01 -2.229389e-01 1.593446e-02 8.610377e-03 -2.294171e-02 -2.663956e-03 
10 Ganymede 1.511870e+00 4.823009e+00 -5.418974e-02 -7.399487e-03 -3.647501e-03 -8.516567e-05 
11 Titan -8.124661e+00 -5.451268e+00 4.156410e-01 4.989912e-04 -6.428695e-03 1.118567e-03 
12 Callisto 1.531284e+00 4.820445e+00 -5.401522e-02 -6.371013e-03 7.307305e-03 3.135441e-04 
13 Io 1.519541e+00 4.820095e+00 -5.419689e-02 2.532169e-03 4.409618e-03 3.609569e-04 
14 Moon 4.727786e-02 9.796254e-01 1.500693e-04 -1.724736e-02 1.285139e-03 -1.231679e-05 
15 Europa 1.522740e+00 4.825356e+00 -5.395650e-02 -1.166138e-02 9.282353e-03 3.937686e-04 
16 Triton 2.653901e+01 -1.396349e+01 -3.240965e-01 4.573130e-04 4.079514e-03 1.861936e-03 
17 Eris 8.712913e+01 3.523062e+01 -2.189031e+01 -3.339545e-04 9.171722e-04 9.059811e-04 
18 Pluto 5.066704e+00 -3.189618e+01 1.947473e+00 3.149802e-03 -1.430106e-04 -8.961466e-04 
19 Haumea -4.260208e+01 -1.471882e+01 2.356399e+01 9.479588e-04 -1.965348e-03 1.263306e-04 
20 Titania 1.989651e+01 2.522060e+00 -2.511901e-01 -2.539704e-03 4.091048e-03 -4.776100e-04 
21 Oberon 1.989695e+01 2.521833e+00 -2.520759e-01 -2.233816e-03 4.013060e-03 -5.238807e-04 
22 Makemake -4.585164e+01 1.267722e+00 2.511653e+01 -2.535076e-04 -2.179039e-03 -8.317898e-05 
23 Orcus -4.072294e+01 2.012331e+01 -1.546243e+01 -9.270436e-04 -1.959273e-03 -3.295860e-04 
24 Sedna 5.096083e+01 6.780898e+01 -1.791443e+01 -2.375578e-03 7.623468e-04 1.611939e-04 
25 Rhea -8.118650e+00 -5.460056e+00 4.195818e-01 7.675161e-03 -4.447257e-03 -5.978479e-04 
26 Quaoar -4.713219e+00 -4.242194e+01 5.780660e+00 2.623106e-03 -1.828846e-04 8.241835e-05 
27 Charon 5.066693e+00 -3.189612e+01 1.947589e+00 3.243688e-03 -6.127224e-05 -9.289038e-04 
28 Iapetus -8.127474e+00 -5.434860e+00 4.145661e-01 1.074328e-03 -5.181418e-03 4.432969e-04 
29 Ariel 1.989707e+01 2.522399e+00 -2.478844e-01 6.389935e-04 3.063511e-03 -2.869708e-03 
30 Umbriel 1.989716e+01 2.522484e+00 -2.471246e-01 1.315172e-03 3.060409e-03 -1.830704e-03 
31 Dione -8.116816e+00 -5.455851e+00 4.172260e-01 -1.974503e-04 -1.296299e-04 -2.100564e-03 
32 TC302 3.535337e+01 2.797653e+01 7.915613e+00 -2.093993e-03 1.177049e-03 1.348671e-03 
33 Ceres 1.476471e-01 2.660873e+00 5.615825e-02 -1.053793e-02 -1.757605e-04 1.938521e-03 
34 UX25 3.307361e+01 2.452113e+01 -3.001589e+00 -1.871447e-03 1.786287e-03 -8.480478e-04 
35 Tethys -8.120225e+00 -5.455553e+00 4.173704e-01 -2.177154e-03 -8.142065e-03 2.387584e-03 
36 Varuna -1.785520e+01 3.963094e+01 3.917804e+00 -2.284935e-03 -9.559781e-04 7.380296e-04 
37 TX300 3.511585e+01 1.611009e+01 1.622378e+01 -1.026405e-03 2.408161e-03 6.627059e-04 
38 Pallas 2.550010e+00 7.499467e-01 -7.325643e-01 -5.995614e-03 7.191140e-03 -4.470421e-03 
39 AW197 -3.665337e+01 2.638748e+01 -9.219718e+00 -9.709245e-04 -2.215092e-03 -8.537293e-04 
40 TL66 1.511369e+01 3.214079e+01 -7.182692e+00 -2.855951e-03 1.668272e-03 -1.364605e-03 
41 Vesta 4.590772e-01 2.522838e+00 -1.317457e-01 -1.001577e-02 1.800045e-03 1.164389e-03 
42 Ixion -7.774939e+00 -3.997912e+01 -2.012812e+00 2.511994e-03 2.074900e-04 -8.232801e-04 
43 Deimos 9.483229e-01 -1.017884e+00 -4.469195e-02 1.117717e-02 1.139647e-02 -1.821037e-04 
44 Phobos 9.481990e-01 -1.017857e+00 -4.462789e-02 1.186014e-02 1.057457e-02 -5.823294e-04 
45 Enceladus -8.117739e+00 -5.457884e+00 4.183803e-01 7.451629e-03 1.155798e-04 -2.973686e-03 
46 Nereid 2.653267e+01 -1.391011e+01 -3.211110e-01 1.187552e-03 2.480104e-03 -1.266713e-04 
47 Amalthea 1.519122e+00 4.821662e+00 -5.414807e-02 7.909449e-03 3.783157e-03 5.079211e-04 
48 Proteus 2.654099e+01 -1.396127e+01 -3.239083e-01 -2.605433e-03 2.934830e-03 1.643478e-03 
49 Hygiea 3.181262e+00 -5.964410e-01 1.985969e-01 2.725688e-03 8.978217e-03 3.174434e-04 
50 Interamnia 1.287482e+00 2.302023e+00 5.235476e-01 -8.647924e-03 6.564927e-03 -2.285136e-03 
51 Miranda 1.989538e+01 2.522748e+00 -2.477234e-01 2.403406e-03 3.180507e-03 2.476119e-03 
52 Europa52 1.185851e+00 -3.215381e+00 1.422900e-01 8.209950e-03 2.930874e-03 -1.081561e-03 
53 Davida 2.960228e+00 -5.066352e-01 -7.627823e-01 -4.327259e-04 9.830598e-03 -7.319558e-04 
54 Eunomia -2.706760e+00 9.537718e-01 -4.385139e-01 -4.369948e-03 -8.393979e-03 -1.522916e-03 
55 Juno -2.082407e+00 4.268296e-01 3.703120e-04 8.187797e-04 -9.481445e-03 -2.213493e-06 
56 Janus -8.118629e+00 -5.457782e+00 4.184110e-01 1.148247e-02 -2.285200e-03 -2.080797e-03 
57 Epimetheus -8.119954e+00 -5.457063e+00 4.181624e-01 4.507174e-03 -1.264934e-02 3.938050e-03 
58 Prometheus -8.118308e+00 -5.457541e+00 4.182555e-01 9.619540e-03 9.949259e-04 -3.645316e-03 
59 Halley -2.038282e+01 2.448336e+01 -9.641085e+00 -1.708961e-04 1.067519e-03 -2.237398e-04 
60 Barycenter 0.000000e+00 0.000000e+00 0.000000e+00 0.000000e+00 0.000000e+00 0.000000e+00 
