# ATOMDATA Id type x=3 u=3
1	C0	4.819683e+01	1.264826e+00	5.000000e+00	-2.536106e-01	-1.148101e-01	-1.635957e-01	
2	C0	7.302551e-01	5.059354e+01	5.000000e+00	-2.704159e-01	5.799794e-02	5.254126e-03	
3	C0	2.190765e+00	5.059354e+01	5.000000e+00	3.290863e-01	1.536970e-02	5.308871e-02	
4	C0	2.921020e+00	1.264826e+00	5.000000e+00	-1.528966e-01	2.409090e-01	-6.654224e-02	
5	C0	4.819683e+01	3.794504e+00	5.000000e+00	7.784276e-02	-3.289318e-01	-1.177786e-01	
6	C0	7.302551e-01	2.529665e+00	5.000000e+00	-1.634431e-01	-5.677618e-02	2.567181e-01	
7	C0	2.190765e+00	2.529665e+00	5.000000e+00	-1.628178e-01	-1.590737e-01	-2.017796e-01	
8	C0	2.921020e+00	3.794504e+00	5.000000e+00	1.012585e-01	2.015039e-02	4.670016e-01	
9	C0	4.819683e+01	6.324182e+00	5.000000e+00	-5.963065e-01	1.650576e-02	3.639728e-04	
10	C0	7.302551e-01	5.059343e+00	5.000000e+00	3.839638e-01	3.145968e-02	3.615279e-02	
11	C0	2.190765e+00	5.059343e+00	5.000000e+00	2.721156e-01	8.514107e-02	1.439223e-01	
12	C0	2.921020e+00	6.324182e+00	5.000000e+00	-4.085226e-01	1.541616e-01	4.235619e-02	
13	C0	4.819683e+01	8.853860e+00	5.000000e+00	-1.149545e-01	1.855701e-01	2.882751e-01	
14	C0	7.302551e-01	7.589021e+00	5.000000e+00	-6.767367e-02	3.205214e-03	4.694585e-01	
15	C0	2.190765e+00	7.589021e+00	5.000000e+00	-2.160530e-01	-1.259609e-01	3.099479e-02	
16	C0	2.921020e+00	8.853860e+00	5.000000e+00	4.633034e-02	-2.964426e-01	2.053730e-01	
17	C0	4.819683e+01	1.138354e+01	5.000000e+00	-1.680279e-02	2.278151e-02	3.053976e-01	
18	C0	7.302551e-01	1.011870e+01	5.000000e+00	-5.376238e-02	4.586801e-02	-2.906730e-01	
19	C0	2.190765e+00	1.011870e+01	5.000000e+00	-3.475594e-02	8.983280e-03	2.731543e-01	
20	C0	2.921020e+00	1.138354e+01	5.000000e+00	3.037325e-01	-1.177702e-01	9.445065e-03	
21	C0	1.986488e-09	1.391322e+01	5.000000e+00	-3.563123e-01	1.570615e-01	-1.088908e-01	
22	C0	7.302551e-01	1.264838e+01	5.000000e+00	1.039023e-01	-3.022603e-01	-1.220699e-02	
23	C0	2.190765e+00	1.264838e+01	5.000000e+00	-4.853643e-02	-3.785525e-01	2.040540e-01	
24	C0	2.921020e+00	1.391322e+01	5.000000e+00	4.113190e-01	5.811884e-02	-2.509264e-01	
25	C0	4.396832e-09	1.644289e+01	5.000000e+00	3.401339e-02	2.009759e-01	-1.716115e-01	
26	C0	7.302551e-01	1.517805e+01	5.000000e+00	2.179813e-02	4.310278e-01	2.057024e-02	
27	C0	2.190765e+00	1.517805e+01	5.000000e+00	3.467653e-01	-2.536438e-01	4.657919e-03	
28	C0	2.921020e+00	1.644289e+01	5.000000e+00	4.128923e-02	3.575240e-01	8.862057e-02	
29	C0	6.376064e-09	1.897257e+01	5.000000e+00	-1.435413e-01	3.865006e-01	-1.302428e-01	
30	C0	7.302551e-01	1.770773e+01	5.000000e+00	1.648871e-01	1.893742e-01	-4.607054e-02	
31	C0	2.190765e+00	1.770773e+01	5.000000e+00	9.462863e-03	4.266187e-01	2.032963e-01	
32	C0	2.921020e+00	1.897257e+01	5.000000e+00	5.285376e-01	4.701923e-03	-1.391211e-01	
33	C0	7.731239e-09	2.150225e+01	5.000000e+00	7.275296e-02	-2.193503e-01	2.042957e-01	
34	C0	7.302551e-01	2.023741e+01	5.000000e+00	-1.165288e-01	3.970942e-01	4.833922e-02	
35	C0	2.190765e+00	2.023741e+01	5.000000e+00	3.266515e-01	-1.250233e-01	1.654785e-01	
36	C0	2.921020e+00	2.150225e+01	5.000000e+00	-3.238036e-01	-4.296106e-03	-7.273120e-02	
37	C0	8.330393e-09	2.403193e+01	5.000000e+00	-3.909004e-02	5.460928e-01	-2.359816e-02	
38	C0	7.302551e-01	2.276709e+01	5.000000e+00	-3.451804e-03	-6.107405e-02	-2.852137e-01	
39	C0	2.190765e+00	2.276709e+01	5.000000e+00	8.708801e-02	1.264701e-01	-2.987601e-01	
40	C0	2.921020e+00	2.403193e+01	5.000000e+00	1.898901e-01	2.194049e-01	2.222893e-01	
41	C0	8.115253e-09	2.656160e+01	5.000000e+00	-1.390000e-01	-3.119245e-01	1.755407e-01	
42	C0	7.302551e-01	2.529676e+01	5.000000e+00	1.367445e-01	1.075213e-01	3.721097e-01	
43	C0	2.190765e+00	2.529676e+01	5.000000e+00	-5.528603e-02	9.856936e-02	3.590421e-01	
44	C0	2.921020e+00	2.656160e+01	5.000000e+00	8.207548e-02	1.620436e-01	2.089231e-02	
45	C0	7.106743e-09	2.909128e+01	5.000000e+00	5.414121e-02	-9.667628e-02	-1.314780e-02	
46	C0	7.302551e-01	2.782644e+01	5.000000e+00	2.821597e-01	1.794063e-01	2.622234e-02	
47	C0	2.190765e+00	2.782644e+01	5.000000e+00	-3.761045e-01	-2.464588e-01	-3.835592e-02	
48	C0	2.921020e+00	2.909128e+01	5.000000e+00	-4.424147e-01	-6.188202e-02	-3.837056e-02	
49	C0	5.402999e-09	3.162096e+01	5.000000e+00	-1.476773e-01	-1.835786e-01	3.060584e-01	
50	C0	7.302551e-01	3.035612e+01	5.000000e+00	5.405328e-02	1.690331e-01	-4.472687e-01	
51	C0	2.190765e+00	3.035612e+01	5.000000e+00	1.857446e-01	-1.019780e-01	-2.474871e-01	
52	C0	2.921020e+00	3.162096e+01	5.000000e+00	1.910731e-01	-2.949262e-02	-2.989602e-02	
53	C0	3.170005e-09	3.415064e+01	5.000000e+00	2.332528e-02	5.475087e-01	1.624638e-02	
54	C0	7.302551e-01	3.288580e+01	5.000000e+00	-3.126970e-01	8.533036e-02	8.852727e-02	
55	C0	2.190765e+00	3.288580e+01	5.000000e+00	-3.224880e-01	2.559391e-01	7.673217e-02	
56	C0	2.921020e+00	3.415064e+01	5.000000e+00	-6.051979e-01	2.031899e-02	4.261552e-02	
57	C0	6.256728e-10	3.668031e+01	5.000000e+00	3.636900e-02	-5.136009e-01	-1.559802e-02	
58	C0	7.302551e-01	3.541547e+01	5.000000e+00	2.437676e-01	2.617192e-01	-1.867224e-01	
59	C0	2.190765e+00	3.541547e+01	5.000000e+00	-4.734025e-02	4.404811e-02	2.866702e-01	
60	C0	2.921020e+00	3.668031e+01	5.000000e+00	-6.965887e-02	-1.361751e-01	2.344194e-01	
61	C0	4.819683e+01	3.920999e+01	5.000000e+00	-1.076299e-02	-4.655932e-01	-1.806204e-01	
62	C0	7.302551e-01	3.794515e+01	5.000000e+00	-1.764488e-01	1.471778e-02	9.336797e-02	
63	C0	2.190765e+00	3.794515e+01	5.000000e+00	-6.819212e-02	2.967590e-01	-2.525779e-01	
64	C0	2.921020e+00	3.920999e+01	5.000000e+00	-8.644365e-02	-9.131277e-02	2.561537e-02	
65	C0	4.819683e+01	4.173967e+01	5.000000e+00	-1.504621e-02	-3.008158e-01	-2.665689e-01	
66	C0	7.302551e-01	4.047483e+01	5.000000e+00	1.875627e-01	-2.027261e-01	9.065262e-02	
67	C0	2.190765e+00	4.047483e+01	5.000000e+00	1.090195e-02	4.017269e-01	-1.118535e-01	
68	C0	2.921020e+00	4.173967e+01	5.000000e+00	2.818960e-01	-9.993552e-03	1.196760e-01	
69	C0	4.819683e+01	4.426935e+01	5.000000e+00	5.016227e-01	1.736108e-01	4.622275e-03	
70	C0	7.302551e-01	4.300451e+01	5.000000e+00	-2.869596e-01	1.373728e-02	1.461159e-01	
71	C0	2.190765e+00	4.300451e+01	5.000000e+00	6.705393e-04	-4.777994e-01	1.343810e-01	
72	C0	2.921020e+00	4.426935e+01	5.000000e+00	-8.741961e-02	1.089131e-01	2.585594e-01	
73	C0	4.819683e+01	4.679903e+01	5.000000e+00	4.366845e-02	8.221794e-02	3.991335e-01	
74	C0	7.302551e-01	4.553419e+01	5.000000e+00	-5.352532e-03	1.823171e-01	-3.771569e-01	
75	C0	2.190765e+00	4.553419e+01	5.000000e+00	3.635708e-02	-1.786403e-01	3.928842e-02	
76	C0	2.921020e+00	4.679903e+01	5.000000e+00	6.424400e-02	4.035597e-02	3.672046e-01	
77	C0	4.819683e+01	4.932870e+01	5.000000e+00	1.940023e-01	-3.204373e-01	2.111086e-02	
78	C0	7.302551e-01	4.806386e+01	5.000000e+00	1.518840e-01	4.674093e-01	7.582073e-02	
79	C0	2.190765e+00	4.806386e+01	5.000000e+00	9.873876e-02	-2.246929e-01	-1.000870e-01	
80	C0	2.921020e+00	4.932870e+01	5.000000e+00	-3.561950e-01	2.976647e-03	-2.688171e-01	
81	C0	4.381530e+00	1.264826e+00	5.000000e+00	3.605046e-01	-1.856292e-01	-2.351636e-02	
82	C0	5.111785e+00	5.059354e+01	5.000000e+00	7.594064e-02	7.204960e-02	-1.893880e-01	
83	C0	6.572296e+00	5.059354e+01	5.000000e+00	-1.458850e-01	-2.682006e-01	-6.552235e-02	
84	C0	7.302551e+00	1.264826e+00	5.000000e+00	2.141420e-01	-6.661729e-02	-3.732825e-02	
85	C0	4.381530e+00	3.794504e+00	5.000000e+00	-3.833442e-01	-3.488373e-02	-2.711172e-01	
86	C0	5.111785e+00	2.529665e+00	5.000000e+00	1.362592e-01	-6.752280e-02	3.158673e-02	
87	C0	6.572296e+00	2.529665e+00	5.000000e+00	-3.684800e-01	6.871780e-02	-2.248960e-01	
88	C0	7.302551e+00	3.794504e+00	5.000000e+00	1.761650e-01	2.987387e-01	6.202358e-02	
89	C0	4.381530e+00	6.324182e+00	5.000000e+00	-3.960286e-01	-1.554355e-01	8.367092e-02	
90	C0	5.111785e+00	5.059343e+00	5.000000e+00	1.445137e-01	-7.166873e-02	7.010402e-02	
91	C0	6.572296e+00	5.059343e+00	5.000000e+00	-2.250582e-01	1.600363e-01	1.420148e-01	
92	C0	7.302551e+00	6.324182e+00	5.000000e+00	-1.022608e-01	-1.999012e-01	5.121882e-02	
93	C0	4.381530e+00	8.853860e+00	5.000000e+00	-1.829567e-01	-1.193206e-03	4.524389e-01	
94	C0	5.111785e+00	7.589021e+00	5.000000e+00	-1.931467e-02	4.833907e-02	3.845865e-01	
95	C0	6.572296e+00	7.589021e+00	5.000000e+00	-2.866208e-01	1.164311e-01	1.186285e-01	
96	C0	7.302551e+00	8.853860e+00	5.000000e+00	2.915812e-01	1.525121e-02	2.135225e-01	
97	C0	4.381530e+00	1.138354e+01	5.000000e+00	4.801371e-02	2.578752e-01	3.020047e-01	
98	C0	5.111785e+00	1.011870e+01	5.000000e+00	-3.221720e-01	6.144281e-02	-8.326513e-02	
99	C0	6.572296e+00	1.011870e+01	5.000000e+00	-3.149823e-02	1.142972e-01	-1.943864e-02	
100	C0	7.302551e+00	1.138354e+01	5.000000e+00	-1.960679e-01	-2.317190e-01	1.944812e-01	
101	C0	4.381530e+00	1.391322e+01	5.000000e+00	-1.570053e-01	5.024002e-01	-6.627163e-02	
102	C0	5.111785e+00	1.264838e+01	5.000000e+00	-2.869854e-01	-1.808738e-01	5.996788e-03	
103	C0	6.572296e+00	1.264838e+01	5.000000e+00	-3.514187e-01	-2.211601e-01	-7.446747e-02	
104	C0	7.302551e+00	1.391322e+01	5.000000e+00	1.829708e-01	5.957641e-02	2.874022e-01	
105	C0	4.381530e+00	1.644289e+01	5.000000e+00	-2.578209e-01	-2.823895e-01	4.152009e-02	
106	C0	5.111785e+00	1.517805e+01	5.000000e+00	2.375331e-01	3.045326e-01	3.917429e-02	
107	C0	6.572296e+00	1.517805e+01	5.000000e+00	3.889752e-01	1.674492e-01	-4.931610e-03	
108	C0	7.302551e+00	1.644289e+01	5.000000e+00	4.393239e-02	2.390196e-01	2.786075e-01	
109	C0	4.381530e+00	1.897257e+01	5.000000e+00	-6.246899e-02	-4.248875e-02	9.134147e-02	
110	C0	5.111785e+00	1.770773e+01	5.000000e+00	-4.001595e-01	-6.818477e-02	-1.605548e-01	
111	C0	6.572296e+00	1.770773e+01	5.000000e+00	6.091018e-02	1.975471e-02	4.227592e-01	
112	C0	7.302551e+00	1.897257e+01	5.000000e+00	1.060710e-01	4.760882e-02	9.650322e-02	
113	C0	4.381530e+00	2.150225e+01	5.000000e+00	-1.792647e-01	4.196418e-01	-1.868003e-02	
114	C0	5.111785e+00	2.023741e+01	5.000000e+00	-3.933225e-01	-1.554604e-01	-7.715414e-02	
115	C0	6.572296e+00	2.023741e+01	5.000000e+00	3.476377e-02	-2.874523e-02	2.987667e-01	
116	C0	7.302551e+00	2.150225e+01	5.000000e+00	-1.436401e-01	-4.894233e-01	-5.048793e-02	
117	C0	4.381530e+00	2.403193e+01	5.000000e+00	2.833402e-01	2.343151e-01	-1.045560e-01	
118	C0	5.111785e+00	2.276709e+01	5.000000e+00	-9.965453e-02	-4.740974e-01	-2.607011e-02	
119	C0	6.572296e+00	2.276709e+01	5.000000e+00	-2.436924e-01	5.514568e-03	3.736985e-01	
120	C0	7.302551e+00	2.403193e+01	5.000000e+00	4.168481e-03	-1.214399e-02	5.496612e-01	
121	C0	4.381530e+00	2.656160e+01	5.000000e+00	1.039326e-03	-3.352612e-01	1.115306e-01	
122	C0	5.111785e+00	2.529676e+01	5.000000e+00	2.958965e-01	-1.492478e-01	-1.331271e-02	
123	C0	6.572296e+00	2.529676e+01	5.000000e+00	-1.286854e-01	-3.609006e-01	1.396224e-01	
124	C0	7.302551e+00	2.656160e+01	5.000000e+00	-3.902538e-02	-4.672280e-01	-1.283905e-01	
125	C0	4.381530e+00	2.909128e+01	5.000000e+00	-5.481634e-01	9.159560e-02	-4.828070e-03	
126	C0	5.111785e+00	2.782644e+01	5.000000e+00	-2.873497e-01	-3.708468e-01	2.694733e-03	
127	C0	6.572296e+00	2.782644e+01	5.000000e+00	-2.680448e-03	-1.473795e-01	-2.333144e-01	
128	C0	7.302551e+00	2.909128e+01	5.000000e+00	-4.039575e-02	-1.652552e-01	-4.202558e-01	
129	C0	4.381530e+00	3.162096e+01	5.000000e+00	4.275460e-02	5.630788e-01	-5.229018e-02	
130	C0	5.111785e+00	3.035612e+01	5.000000e+00	-1.383094e-03	1.161811e-01	-2.598958e-01	
131	C0	6.572296e+00	3.035612e+01	5.000000e+00	4.337380e-01	2.441844e-01	-1.594961e-02	
132	C0	7.302551e+00	3.162096e+01	5.000000e+00	-3.083178e-01	-3.819832e-02	-2.463576e-01	
133	C0	4.381530e+00	3.415064e+01	5.000000e+00	2.748433e-01	7.070786e-03	1.764081e-01	
134	C0	5.111785e+00	3.288580e+01	5.000000e+00	2.459701e-02	4.854109e-01	1.140258e-01	
135	C0	6.572296e+00	3.288580e+01	5.000000e+00	3.603197e-01	-7.211040e-02	-1.963894e-01	
136	C0	7.302551e+00	3.415064e+01	5.000000e+00	4.299005e-01	-2.099379e-02	-6.674987e-02	
137	C0	4.381530e+00	3.668031e+01	5.000000e+00	-5.090004e-03	-6.376022e-01	1.637400e-02	
138	C0	5.111785e+00	3.541547e+01	5.000000e+00	-5.337328e-02	2.286190e-01	-5.200140e-03	
139	C0	6.572296e+00	3.541547e+01	5.000000e+00	3.602203e-02	1.392856e-01	3.954463e-01	
140	C0	7.302551e+00	3.668031e+01	5.000000e+00	-4.521799e-01	-1.492325e-01	-1.604485e-02	
141	C0	4.381530e+00	3.920999e+01	5.000000e+00	2.886661e-01	-2.211524e-01	1.047624e-01	
142	C0	5.111785e+00	3.794515e+01	5.000000e+00	9.932913e-03	5.979527e-03	5.312379e-01	
143	C0	6.572296e+00	3.794515e+01	5.000000e+00	-3.450514e-01	-6.789696e-03	-2.226263e-01	
144	C0	7.302551e+00	3.920999e+01	5.000000e+00	-6.285688e-02	-2.303268e-01	-2.066990e-01	
145	C0	4.381530e+00	4.173967e+01	5.000000e+00	-1.073489e-02	-2.886813e-02	-5.726861e-01	
146	C0	5.111785e+00	4.047483e+01	5.000000e+00	2.834363e-01	-5.222578e-02	-2.948435e-01	
147	C0	6.572296e+00	4.047483e+01	5.000000e+00	-6.035109e-02	2.892329e-01	-1.523439e-01	
148	C0	7.302551e+00	4.173967e+01	5.000000e+00	1.025980e-01	-2.172040e-01	-7.127152e-02	
149	C0	4.381530e+00	4.426935e+01	5.000000e+00	-5.728784e-01	2.688080e-02	1.054815e-01	
150	C0	5.111785e+00	4.300451e+01	5.000000e+00	3.411988e-01	2.539787e-01	2.239412e-02	
151	C0	6.572296e+00	4.300451e+01	5.000000e+00	8.943829e-02	-4.615647e-01	-7.263333e-02	
152	C0	7.302551e+00	4.426935e+01	5.000000e+00	-2.844995e-01	-5.925828e-03	2.539649e-01	
153	C0	4.381530e+00	4.679903e+01	5.000000e+00	8.679921e-02	-2.716030e-01	-2.332419e-01	
154	C0	5.111785e+00	4.553419e+01	5.000000e+00	1.152939e-02	6.685049e-01	3.369787e-02	
155	C0	6.572296e+00	4.553419e+01	5.000000e+00	-3.352482e-01	1.042218e-03	1.754626e-01	
156	C0	7.302551e+00	4.679903e+01	5.000000e+00	-2.864353e-02	4.411765e-01	2.359271e-01	
157	C0	4.381530e+00	4.932870e+01	5.000000e+00	-1.678899e-01	2.929125e-01	1.223831e-01	
158	C0	5.111785e+00	4.806386e+01	5.000000e+00	8.086402e-03	2.030912e-01	-4.521104e-01	
159	C0	6.572296e+00	4.806386e+01	5.000000e+00	-7.932342e-02	-1.295930e-01	-2.719738e-01	
160	C0	7.302551e+00	4.932870e+01	5.000000e+00	9.170291e-02	1.065509e-01	-7.049846e-02	
161	C0	8.763061e+00	1.264826e+00	5.000000e+00	-2.997109e-01	2.798030e-01	-5.027487e-02	
162	C0	9.493316e+00	5.059354e+01	5.000000e+00	-8.806196e-02	-7.137473e-02	-1.854088e-01	
163	C0	1.095383e+01	5.059354e+01	5.000000e+00	3.337081e-01	-2.453066e-01	-7.561015e-02	
164	C0	1.168408e+01	1.264826e+00	5.000000e+00	1.223537e-01	-1.199596e-01	2.999626e-02	
165	C0	8.763061e+00	3.794504e+00	5.000000e+00	2.588023e-01	3.064381e-02	1.908202e-01	
166	C0	9.493316e+00	2.529665e+00	5.000000e+00	3.088950e-01	8.108886e-02	-1.265924e-01	
167	C0	1.095383e+01	2.529665e+00	5.000000e+00	3.024693e-01	2.367878e-01	-8.884584e-02	
168	C0	1.168408e+01	3.794504e+00	5.000000e+00	4.101589e-03	-2.083950e-01	-5.080327e-02	
169	C0	8.763061e+00	6.324182e+00	5.000000e+00	-1.286286e-02	4.384866e-02	2.395754e-01	
170	C0	9.493316e+00	5.059343e+00	5.000000e+00	1.026178e-02	-7.893381e-02	3.302856e-02	
171	C0	1.095383e+01	5.059343e+00	5.000000e+00	2.997299e-01	3.614113e-02	-3.387552e-02	
172	C0	1.168408e+01	6.324182e+00	5.000000e+00	6.341077e-01	-6.196958e-04	-2.396359e-02	
173	C0	8.763061e+00	8.853860e+00	5.000000e+00	-1.809148e-01	1.310983e-01	4.045821e-03	
174	C0	9.493316e+00	7.589021e+00	5.000000e+00	-7.730796e-03	-1.043895e-01	3.908962e-01	
175	C0	1.095383e+01	7.589021e+00	5.000000e+00	2.125616e-02	8.169602e-02	1.913519e-01	
176	C0	1.168408e+01	8.853860e+00	5.000000e+00	7.641901e-02	3.174919e-01	7.168412e-02	
177	C0	8.763061e+00	1.138354e+01	5.000000e+00	-3.431882e-01	-4.444819e-02	-2.611733e-01	
178	C0	9.493316e+00	1.011870e+01	5.000000e+00	2.647381e-01	1.140436e-01	-1.086677e-01	
179	C0	1.095383e+01	1.011870e+01	5.000000e+00	-2.444279e-01	-1.874812e-01	-1.947647e-01	
180	C0	1.168408e+01	1.138354e+01	5.000000e+00	-3.459501e-01	1.646013e-01	-1.332355e-01	
181	C0	8.763061e+00	1.391322e+01	5.000000e+00	4.229580e-01	1.247793e-01	1.636703e-02	
182	C0	9.493316e+00	1.264838e+01	5.000000e+00	-4.083940e-01	7.872051e-02	1.908802e-02	
183	C0	1.095383e+01	1.264838e+01	5.000000e+00	-9.986777e-02	2.550055e-01	-1.888717e-01	
184	C0	1.168408e+01	1.391322e+01	5.000000e+00	-3.020135e-01	1.654992e-01	5.496475e-04	
185	C0	8.763061e+00	1.644289e+01	5.000000e+00	-2.876932e-02	-3.317763e-01	-8.635117e-02	
186	C0	9.493316e+00	1.517805e+01	5.000000e+00	-5.723876e-01	4.748319e-03	-8.910187e-02	
187	C0	1.095383e+01	1.517805e+01	5.000000e+00	-1.270495e-02	-5.565471e-03	5.515553e-01	
188	C0	1.168408e+01	1.644289e+01	5.000000e+00	-1.054014e-02	-9.495402e-02	-1.091580e-01	
189	C0	8.763061e+00	1.897257e+01	5.000000e+00	1.033057e-02	-2.466610e-01	-2.594550e-01	
190	C0	9.493316e+00	1.770773e+01	5.000000e+00	1.686813e-01	-9.633840e-02	-9.986104e-02	
191	C0	1.095383e+01	1.770773e+01	5.000000e+00	-1.776779e-02	-5.336461e-01	1.016149e-01	
192	C0	1.168408e+01	1.897257e+01	5.000000e+00	-5.238096e-01	-3.587953e-02	3.157560e-02	
193	C0	8.763061e+00	2.150225e+01	5.000000e+00	1.672032e-01	-2.504874e-01	2.767921e-02	
194	C0	9.493316e+00	2.023741e+01	5.000000e+00	-1.507319e-01	-8.629864e-02	-2.481522e-01	
195	C0	1.095383e+01	2.023741e+01	5.000000e+00	3.145439e-01	1.581619e-01	-1.119883e-01	
196	C0	1.168408e+01	2.150225e+01	5.000000e+00	3.657582e-01	2.897740e-01	-2.697824e-02	
197	C0	8.763061e+00	2.403193e+01	5.000000e+00	-5.457724e-01	2.805297e-02	-6.418163e-02	
198	C0	9.493316e+00	2.276709e+01	5.000000e+00	-3.212030e-01	1.139260e-01	7.850265e-02	
199	C0	1.095383e+01	2.276709e+01	5.000000e+00	-1.692172e-01	1.582677e-01	-2.756211e-02	
200	C0	1.168408e+01	2.403193e+01	5.000000e+00	3.035703e-01	2.876867e-01	7.064958e-02	
201	C0	8.763061e+00	2.656160e+01	5.000000e+00	-3.050117e-01	-9.205177e-02	-1.250425e-01	
202	C0	9.493316e+00	2.529676e+01	5.000000e+00	-1.560030e-01	-2.396601e-01	-5.571570e-02	
203	C0	1.095383e+01	2.529676e+01	5.000000e+00	1.712870e-01	1.689656e-01	2.135759e-01	
204	C0	1.168408e+01	2.656160e+01	5.000000e+00	1.008586e-01	8.629030e-02	2.070072e-01	
205	C0	8.763061e+00	2.909128e+01	5.000000e+00	-4.201021e-01	-7.259043e-02	5.341889e-03	
206	C0	9.493316e+00	2.782644e+01	5.000000e+00	3.260743e-01	1.398730e-01	-1.306619e-01	
207	C0	1.095383e+01	2.782644e+01	5.000000e+00	3.061670e-02	-9.845972e-02	-3.492077e-01	
208	C0	1.168408e+01	2.909128e+01	5.000000e+00	2.351589e-01	-5.982014e-02	-1.366235e-01	
209	C0	8.763061e+00	3.162096e+01	5.000000e+00	2.748747e-02	-2.922147e-01	1.597373e-01	
210	C0	9.493316e+00	3.035612e+01	5.000000e+00	2.857948e-01	1.019994e-01	1.965075e-01	
211	C0	1.095383e+01	3.035612e+01	5.000000e+00	-1.371026e-01	-8.252095e-03	-2.811819e-01	
212	C0	1.168408e+01	3.162096e+01	5.000000e+00	1.513433e-01	-4.433542e-02	-7.689650e-02	
213	C0	8.763061e+00	3.415064e+01	5.000000e+00	-4.489887e-01	6.447771e-02	-9.080145e-02	
214	C0	9.493316e+00	3.288580e+01	5.000000e+00	4.723627e-01	-1.367180e-02	6.303905e-02	
215	C0	1.095383e+01	3.288580e+01	5.000000e+00	3.851461e-01	-1.614420e-01	7.777702e-02	
216	C0	1.168408e+01	3.415064e+01	5.000000e+00	4.757074e-02	1.414692e-01	4.004648e-01	
217	C0	8.763061e+00	3.668031e+01	5.000000e+00	-1.374815e-01	-5.445730e-02	-1.563936e-01	
218	C0	9.493316e+00	3.541547e+01	5.000000e+00	-3.321658e-02	-8.044779e-02	4.586938e-01	
219	C0	1.095383e+01	3.541547e+01	5.000000e+00	6.184355e-01	7.611296e-03	3.863671e-02	
220	C0	1.168408e+01	3.668031e+01	5.000000e+00	3.171551e-01	1.206524e-02	3.438756e-02	
221	C0	8.763061e+00	3.920999e+01	5.000000e+00	4.990362e-01	1.702436e-03	-6.040603e-02	
222	C0	9.493316e+00	3.794515e+01	5.000000e+00	7.713015e-02	-9.260871e-02	3.076317e-01	
223	C0	1.095383e+01	3.794515e+01	5.000000e+00	-2.349935e-02	-2.944235e-01	3.601345e-01	
224	C0	1.168408e+01	3.920999e+01	5.000000e+00	1.427239e-01	-1.802886e-01	1.076084e-01	
225	C0	8.763061e+00	4.173967e+01	5.000000e+00	-9.254243e-03	-9.796706e-02	-3.028316e-02	
226	C0	9.493316e+00	4.047483e+01	5.000000e+00	1.597146e-01	1.516400e-01	3.346911e-02	
227	C0	1.095383e+01	4.047483e+01	5.000000e+00	-5.072022e-02	3.368884e-01	2.974622e-02	
228	C0	1.168408e+01	4.173967e+01	5.000000e+00	2.022775e-01	-5.174324e-02	-3.487559e-01	
229	C0	8.763061e+00	4.426935e+01	5.000000e+00	5.351374e-02	-3.608736e-01	1.332490e-01	
230	C0	9.493316e+00	4.300451e+01	5.000000e+00	2.202592e-01	-2.089272e-02	-1.170917e-01	
231	C0	1.095383e+01	4.300451e+01	5.000000e+00	4.356300e-01	1.280588e-01	1.062405e-02	
232	C0	1.168408e+01	4.426935e+01	5.000000e+00	1.113171e-01	-3.721298e-02	-2.567834e-01	
233	C0	8.763061e+00	4.679903e+01	5.000000e+00	-6.880755e-02	-9.214413e-02	4.817505e-01	
234	C0	9.493316e+00	4.553419e+01	5.000000e+00	9.436259e-02	-5.497862e-01	9.803083e-03	
235	C0	1.095383e+01	4.553419e+01	5.000000e+00	3.064590e-02	2.162643e-01	-2.336651e-01	
236	C0	1.168408e+01	4.679903e+01	5.000000e+00	-4.775686e-02	9.281456e-02	-1.495654e-01	
237	C0	8.763061e+00	4.932870e+01	5.000000e+00	-2.172016e-01	-9.047542e-03	-7.502464e-02	
238	C0	9.493316e+00	4.806386e+01	5.000000e+00	-1.797333e-01	1.786546e-01	-2.555608e-01	
239	C0	1.095383e+01	4.806386e+01	5.000000e+00	-2.041809e-01	2.140961e-01	2.219534e-01	
240	C0	1.168408e+01	4.932870e+01	5.000000e+00	4.646893e-02	-4.088648e-02	-4.367557e-01	
241	C0	1.314459e+01	1.264826e+00	5.000000e+00	3.621609e-01	3.181883e-02	-2.567913e-01	
242	C0	1.387485e+01	5.059354e+01	5.000000e+00	-5.768791e-02	-6.034527e-02	-3.543553e-01	
243	C0	1.533536e+01	5.059354e+01	5.000000e+00	9.556383e-03	6.238723e-02	-5.195663e-01	
244	C0	1.606561e+01	1.264826e+00	5.000000e+00	-3.316886e-01	3.439766e-03	-5.081935e-02	
245	C0	1.314459e+01	3.794504e+00	5.000000e+00	-1.986513e-02	5.595213e-01	-2.217404e-02	
246	C0	1.387485e+01	2.529665e+00	5.000000e+00	-8.680100e-02	3.940986e-01	1.472894e-01	
247	C0	1.533536e+01	2.529665e+00	5.000000e+00	-2.765949e-01	3.747515e-02	-7.514701e-02	
248	C0	1.606561e+01	3.794504e+00	5.000000e+00	-6.953181e-02	3.007206e-03	-2.330758e-01	
249	C0	1.314459e+01	6.324182e+00	5.000000e+00	-2.538328e-02	-1.071965e-01	3.679448e-02	
250	C0	1.387485e+01	5.059343e+00	5.000000e+00	1.329520e-01	4.551418e-01	-4.165794e-02	
251	C0	1.533536e+01	5.059343e+00	5.000000e+00	2.192588e-01	-9.555072e-02	-3.453735e-01	
252	C0	1.606561e+01	6.324182e+00	5.000000e+00	2.046984e-01	4.119305e-02	-4.105320e-01	
253	C0	1.314459e+01	8.853860e+00	5.000000e+00	-4.980815e-02	1.057627e-01	-4.819690e-01	
254	C0	1.387485e+01	7.589021e+00	5.000000e+00	-1.368541e-02	-2.232711e-01	-3.311494e-01	
255	C0	1.533536e+01	7.589021e+00	5.000000e+00	-9.132121e-03	-2.710150e-01	3.011831e-01	
256	C0	1.606561e+01	8.853860e+00	5.000000e+00	-5.034361e-03	-1.529468e-01	-1.067040e-01	
257	C0	1.314459e+01	1.138354e+01	5.000000e+00	2.654189e-02	3.735272e-01	-2.124848e-01	
258	C0	1.387485e+01	1.011870e+01	5.000000e+00	-2.768258e-01	-1.606405e-01	-1.236462e-01	
259	C0	1.533536e+01	1.011870e+01	5.000000e+00	4.315216e-01	1.893570e-02	-2.265891e-01	
260	C0	1.606561e+01	1.138354e+01	5.000000e+00	6.855459e-03	1.837027e-01	2.391424e-01	
261	C0	1.314459e+01	1.391322e+01	5.000000e+00	7.104656e-02	7.420016e-02	1.944286e-01	
262	C0	1.387485e+01	1.264838e+01	5.000000e+00	1.235857e-01	1.356132e-01	3.221292e-01	
263	C0	1.533536e+01	1.264838e+01	5.000000e+00	3.118633e-01	-2.397697e-01	-9.972695e-03	
264	C0	1.606561e+01	1.391322e+01	5.000000e+00	-8.354555e-02	1.592379e-01	2.738909e-02	
265	C0	1.314459e+01	1.644289e+01	5.000000e+00	3.949769e-01	1.966269e-02	-8.862975e-02	
266	C0	1.387485e+01	1.517805e+01	5.000000e+00	-1.649559e-01	-4.160798e-01	-4.770656e-02	
267	C0	1.533536e+01	1.517805e+01	5.000000e+00	2.002409e-01	2.119221e-03	4.313035e-01	
268	C0	1.606561e+01	1.644289e+01	5.000000e+00	-1.586286e-02	-3.839248e-02	6.124356e-01	
269	C0	1.314459e+01	1.897257e+01	5.000000e+00	-4.246558e-02	-3.848019e-01	-1.389915e-01	
270	C0	1.387485e+01	1.770773e+01	5.000000e+00	-1.563967e-03	1.920619e-01	-1.839138e-01	
271	C0	1.533536e+01	1.770773e+01	5.000000e+00	1.550058e-01	-8.750918e-02	1.681409e-01	
272	C0	1.606561e+01	1.897257e+01	5.000000e+00	-8.185965e-02	3.965308e-02	-3.332370e-01	
273	C0	1.314459e+01	2.150225e+01	5.000000e+00	-7.024055e-03	-4.515999e-01	1.341285e-01	
274	C0	1.387485e+01	2.023741e+01	5.000000e+00	-3.532539e-01	3.120238e-02	-9.194021e-02	
275	C0	1.533536e+01	2.023741e+01	5.000000e+00	-9.812555e-03	6.947424e-03	2.270339e-01	
276	C0	1.606561e+01	2.150225e+01	5.000000e+00	-3.783747e-02	-2.399430e-01	-1.528939e-01	
277	C0	1.314459e+01	2.403193e+01	5.000000e+00	-2.319094e-01	-3.351713e-01	5.646781e-02	
278	C0	1.387485e+01	2.276709e+01	5.000000e+00	2.451924e-02	-5.458800e-02	-1.589788e-01	
279	C0	1.533536e+01	2.276709e+01	5.000000e+00	-5.678806e-03	-6.012017e-01	-1.762493e-02	
280	C0	1.606561e+01	2.403193e+01	5.000000e+00	3.946347e-01	-1.240439e-01	1.107848e-02	
281	C0	1.314459e+01	2.656160e+01	5.000000e+00	7.245877e-02	-5.161145e-01	-7.656405e-02	
282	C0	1.387485e+01	2.529676e+01	5.000000e+00	-4.654836e-01	7.893852e-03	-1.200001e-01	
283	C0	1.533536e+01	2.529676e+01	5.000000e+00	-8.809970e-02	1.201192e-01	-2.599287e-01	
284	C0	1.606561e+01	2.656160e+01	5.000000e+00	9.221229e-03	1.443929e-01	-2.412658e-01	
285	C0	1.314459e+01	2.909128e+01	5.000000e+00	2.300568e-01	1.708667e-03	-8.889847e-03	
286	C0	1.387485e+01	2.782644e+01	5.000000e+00	-1.129144e-01	-4.690755e-01	4.790326e-02	
287	C0	1.533536e+01	2.782644e+01	5.000000e+00	3.582093e-02	-5.026676e-02	-4.945824e-01	
288	C0	1.606561e+01	2.909128e+01	5.000000e+00	-3.428406e-01	1.612386e-01	-3.724804e-02	
289	C0	1.314459e+01	3.162096e+01	5.000000e+00	-1.460666e-01	2.213001e-01	2.082370e-01	
290	C0	1.387485e+01	3.035612e+01	5.000000e+00	4.000392e-01	-6.098348e-02	-5.737088e-02	
291	C0	1.533536e+01	3.035612e+01	5.000000e+00	1.270129e-02	7.892804e-02	9.845393e-02	
292	C0	1.606561e+01	3.162096e+01	5.000000e+00	1.485702e-02	-1.683441e-01	-8.403005e-02	
293	C0	1.314459e+01	3.415064e+01	5.000000e+00	-2.929956e-01	-2.004784e-02	2.713866e-01	
294	C0	1.387485e+01	3.288580e+01	5.000000e+00	-2.666936e-02	-3.586124e-01	-1.484386e-02	
295	C0	1.533536e+01	3.288580e+01	5.000000e+00	3.594181e-01	-1.577589e-01	2.067887e-02	
296	C0	1.606561e+01	3.415064e+01	5.000000e+00	3.929601e-01	-8.343900e-02	-1.779693e-02	
297	C0	1.314459e+01	3.668031e+01	5.000000e+00	1.400329e-01	-4.459488e-01	-5.076347e-02	
298	C0	1.387485e+01	3.541547e+01	5.000000e+00	1.347841e-02	4.001615e-02	-2.159309e-01	
299	C0	1.533536e+01	3.541547e+01	5.000000e+00	3.733187e-02	7.978043e-02	-4.021727e-01	
300	C0	1.606561e+01	3.668031e+01	5.000000e+00	-2.310893e-01	8.273681e-02	-3.070450e-01	
301	C0	1.314459e+01	3.920999e+01	5.000000e+00	-5.156651e-02	-2.832215e-02	-3.480566e-01	
302	C0	1.387485e+01	3.794515e+01	5.000000e+00	3.726644e-01	2.089276e-02	-2.462734e-01	
303	C0	1.533536e+01	3.794515e+01	5.000000e+00	-1.638643e-02	4.030001e-01	-1.584126e-01	
304	C0	1.606561e+01	3.920999e+01	5.000000e+00	5.762392e-01	-7.507014e-05	2.228117e-02	
305	C0	1.314459e+01	4.173967e+01	5.000000e+00	3.973950e-02	-3.068841e-01	-2.652066e-01	
306	C0	1.387485e+01	4.047483e+01	5.000000e+00	-3.419866e-03	2.251235e-01	1.305334e-01	
307	C0	1.533536e+01	4.047483e+01	5.000000e+00	8.434275e-02	2.743151e-01	-8.350881e-02	
308	C0	1.606561e+01	4.173967e+01	5.000000e+00	-8.082783e-02	-4.209718e-01	1.110506e-02	
309	C0	1.314459e+01	4.426935e+01	5.000000e+00	-9.436169e-03	-2.071605e-01	4.508657e-01	
310	C0	1.387485e+01	4.300451e+01	5.000000e+00	-5.236615e-01	3.000126e-02	1.218120e-01	
311	C0	1.533536e+01	4.300451e+01	5.000000e+00	-3.240300e-02	-6.065914e-03	-3.517790e-04	
312	C0	1.606561e+01	4.426935e+01	5.000000e+00	-5.840473e-01	5.545156e-02	1.360971e-02	
313	C0	1.314459e+01	4.679903e+01	5.000000e+00	2.854809e-02	2.452253e-02	2.130132e-01	
314	C0	1.387485e+01	4.553419e+01	5.000000e+00	1.050320e-01	1.489856e-02	-2.567535e-01	
315	C0	1.533536e+01	4.553419e+01	5.000000e+00	-9.241303e-02	-1.812305e-01	2.685789e-01	
316	C0	1.606561e+01	4.679903e+01	5.000000e+00	-2.280259e-01	2.760461e-02	-3.345176e-01	
317	C0	1.314459e+01	4.932870e+01	5.000000e+00	-1.814728e-01	5.055745e-01	2.915399e-02	
318	C0	1.387485e+01	4.806386e+01	5.000000e+00	5.408928e-01	-6.754624e-02	2.837914e-02	
319	C0	1.533536e+01	4.806386e+01	5.000000e+00	2.778832e-02	-4.572849e-01	-1.354775e-01	
320	C0	1.606561e+01	4.932870e+01	5.000000e+00	5.890731e-02	-1.558102e-01	-3.793904e-01	
321	C0	1.752612e+01	1.264826e+00	5.000000e+00	-4.181684e-02	-3.613670e-01	-9.055461e-02	
322	C0	1.825638e+01	5.059354e+01	5.000000e+00	2.674385e-02	1.144257e-01	3.801111e-01	
323	C0	1.971689e+01	5.059354e+01	5.000000e+00	-1.818266e-02	-5.134094e-01	7.577006e-02	
324	C0	2.044714e+01	1.264826e+00	5.000000e+00	-7.787707e-02	-4.979000e-01	3.519532e-02	
325	C0	1.752612e+01	3.794504e+00	5.000000e+00	-2.949155e-02	-3.750160e-02	4.012202e-01	
326	C0	1.825638e+01	2.529665e+00	5.000000e+00	-7.641587e-02	-5.319742e-01	-3.010219e-02	
327	C0	1.971689e+01	2.529665e+00	5.000000e+00	-1.360364e-01	8.463703e-02	4.439345e-01	
328	C0	2.044714e+01	3.794504e+00	5.000000e+00	4.414576e-01	-4.405637e-03	8.180667e-02	
329	C0	1.752612e+01	6.324182e+00	5.000000e+00	-2.206045e-01	-4.117025e-01	-6.079656e-02	
330	C0	1.825638e+01	5.059343e+00	5.000000e+00	-1.098355e-02	5.585063e-01	1.081792e-01	
331	C0	1.971689e+01	5.059343e+00	5.000000e+00	-2.402432e-01	7.723690e-02	1.275318e-01	
332	C0	2.044714e+01	6.324182e+00	5.000000e+00	1.485603e-01	7.403237e-02	-2.777801e-01	
333	C0	1.752612e+01	8.853860e+00	5.000000e+00	1.807867e-01	-3.385815e-01	-9.260597e-03	
334	C0	1.825638e+01	7.589021e+00	5.000000e+00	2.750178e-01	-1.516964e-01	-2.489439e-01	
335	C0	1.971689e+01	7.589021e+00	5.000000e+00	-2.976249e-01	-3.067315e-01	1.171217e-02	
336	C0	2.044714e+01	8.853860e+00	5.000000e+00	1.935148e-01	8.831169e-02	3.473798e-01	
337	C0	1.752612e+01	1.138354e+01	5.000000e+00	1.973359e-01	-2.468818e-01	-1.392002e-01	
338	C0	1.825638e+01	1.011870e+01	5.000000e+00	-2.863185e-02	4.199887e-02	-2.987848e-01	
339	C0	1.971689e+01	1.011870e+01	5.000000e+00	-2.212222e-01	-4.427118e-01	-1.842147e-02	
340	C0	2.044714e+01	1.138354e+01	5.000000e+00	-3.256382e-01	7.615537e-02	2.674321e-01	
341	C0	1.752612e+01	1.391322e+01	5.000000e+00	-2.221275e-02	-3.799102e-02	-1.435668e-01	
342	C0	1.825638e+01	1.264838e+01	5.000000e+00	1.340773e-01	-3.065824e-01	-2.012295e-02	
343	C0	1.971689e+01	1.264838e+01	5.000000e+00	1.138588e-01	-2.217127e-01	-2.349854e-01	
344	C0	2.044714e+01	1.391322e+01	5.000000e+00	9.653835e-02	-1.743403e-01	3.163990e-01	
345	C0	1.752612e+01	1.644289e+01	5.000000e+00	-1.598501e-01	-4.176230e-01	3.333071e-02	
346	C0	1.825638e+01	1.517805e+01	5.000000e+00	-3.776715e-01	1.801536e-02	-1.936526e-01	
347	C0	1.971689e+01	1.517805e+01	5.000000e+00	7.304945e-02	1.215030e-01	-1.818632e-01	
348	C0	2.044714e+01	1.644289e+01	5.000000e+00	-3.740065e-01	-1.762079e-01	-2.055346e-02	
349	C0	1.752612e+01	1.897257e+01	5.000000e+00	-2.391198e-01	1.295152e-01	-1.621240e-01	
350	C0	1.825638e+01	1.770773e+01	5.000000e+00	2.128618e-01	-3.886058e-01	-6.412579e-02	
351	C0	1.971689e+01	1.770773e+01	5.000000e+00	-6.845046e-02	1.192926e-01	2.225282e-01	
352	C0	2.044714e+01	1.897257e+01	5.000000e+00	5.654249e-02	-5.222781e-02	2.468327e-01	
353	C0	1.752612e+01	2.150225e+01	5.000000e+00	-3.374421e-02	2.758224e-01	-1.388489e-01	
354	C0	1.825638e+01	2.023741e+01	5.000000e+00	-5.641679e-02	-7.642420e-02	-3.211560e-01	
355	C0	1.971689e+01	2.023741e+01	5.000000e+00	-1.569899e-01	-4.403177e-02	-3.686293e-02	
356	C0	2.044714e+01	2.150225e+01	5.000000e+00	4.820582e-02	8.241612e-03	-2.772763e-01	
357	C0	1.752612e+01	2.403193e+01	5.000000e+00	-5.510690e-01	-4.841099e-04	2.914536e-02	
358	C0	1.825638e+01	2.276709e+01	5.000000e+00	-1.181566e-01	-3.483089e-01	-1.943000e-01	
359	C0	1.971689e+01	2.276709e+01	5.000000e+00	-7.053990e-02	1.009888e-01	-3.871363e-01	
360	C0	2.044714e+01	2.403193e+01	5.000000e+00	-9.122465e-03	-3.444869e-01	1.227076e-01	
361	C0	1.752612e+01	2.656160e+01	5.000000e+00	-4.333662e-02	-3.653058e-01	-4.462126e-02	
362	C0	1.825638e+01	2.529676e+01	5.000000e+00	3.292864e-03	4.001525e-01	-8.442670e-03	
363	C0	1.971689e+01	2.529676e+01	5.000000e+00	8.570979e-02	-2.694148e-01	2.987872e-01	
364	C0	2.044714e+01	2.656160e+01	5.000000e+00	1.101898e-01	-2.155362e-02	-1.949850e-02	
365	C0	1.752612e+01	2.909128e+01	5.000000e+00	-2.128512e-01	8.696895e-02	3.908126e-01	
366	C0	1.825638e+01	2.782644e+01	5.000000e+00	7.701739e-02	-2.739088e-01	-2.445936e-01	
367	C0	1.971689e+01	2.782644e+01	5.000000e+00	2.451658e-01	2.621797e-01	6.528460e-02	
368	C0	2.044714e+01	2.909128e+01	5.000000e+00	3.309612e-01	4.805128e-02	-1.273240e-01	
369	C0	1.752612e+01	3.162096e+01	5.000000e+00	-1.706438e-01	-1.173337e-01	3.488548e-01	
370	C0	1.825638e+01	3.035612e+01	5.000000e+00	1.791916e-01	2.284679e-01	-2.238814e-01	
371	C0	1.971689e+01	3.035612e+01	5.000000e+00	-2.427453e-02	-2.529447e-01	2.280079e-01	
372	C0	2.044714e+01	3.162096e+01	5.000000e+00	9.970660e-03	2.681594e-03	-1.376795e-01	
373	C0	1.752612e+01	3.415064e+01	5.000000e+00	-2.502174e-01	2.913834e-02	2.652554e-02	
374	C0	1.825638e+01	3.288580e+01	5.000000e+00	1.129078e-02	2.473014e-01	3.240578e-01	
375	C0	1.971689e+01	3.288580e+01	5.000000e+00	2.424004e-01	-4.520123e-03	-3.432470e-01	
376	C0	2.044714e+01	3.415064e+01	5.000000e+00	6.215612e-02	4.073072e-01	1.258469e-01	
377	C0	1.752612e+01	3.668031e+01	5.000000e+00	1.881645e-01	1.182417e-01	-3.248779e-01	
378	C0	1.825638e+01	3.541547e+01	5.000000e+00	9.244391e-02	4.873653e-02	5.169437e-01	
379	C0	1.971689e+01	3.541547e+01	5.000000e+00	2.867111e-01	9.714305e-02	2.677017e-01	
380	C0	2.044714e+01	3.668031e+01	5.000000e+00	-1.331092e-01	3.331060e-01	2.148254e-01	
381	C0	1.752612e+01	3.920999e+01	5.000000e+00	-5.752966e-02	-7.759706e-02	3.164865e-01	
382	C0	1.825638e+01	3.794515e+01	5.000000e+00	8.903195e-02	3.605465e-01	2.262856e-02	
383	C0	1.971689e+01	3.794515e+01	5.000000e+00	1.391645e-02	4.653202e-01	-3.245768e-02	
384	C0	2.044714e+01	3.920999e+01	5.000000e+00	-1.665111e-01	-2.147190e-01	1.319133e-01	
385	C0	1.752612e+01	4.173967e+01	5.000000e+00	1.716884e-01	3.968043e-01	9.544736e-02	
386	C0	1.825638e+01	4.047483e+01	5.000000e+00	3.565372e-01	2.883448e-02	-1.504409e-01	
387	C0	1.971689e+01	4.047483e+01	5.000000e+00	-1.034005e-01	-2.180744e-01	-1.701825e-01	
388	C0	2.044714e+01	4.173967e+01	5.000000e+00	1.063181e-01	-4.491744e-01	-5.232185e-02	
389	C0	1.752612e+01	4.426935e+01	5.000000e+00	2.585410e-01	-2.155601e-01	6.212323e-02	
390	C0	1.825638e+01	4.300451e+01	5.000000e+00	1.064397e-01	3.088399e-01	4.446652e-03	
391	C0	1.971689e+01	4.300451e+01	5.000000e+00	8.521995e-02	2.865732e-01	8.984048e-02	
392	C0	2.044714e+01	4.426935e+01	5.000000e+00	3.790901e-01	-1.983968e-01	8.305814e-02	
393	C0	1.752612e+01	4.679903e+01	5.000000e+00	-3.065788e-01	1.813977e-01	-5.363352e-02	
394	C0	1.825638e+01	4.553419e+01	5.000000e+00	2.408254e-01	-6.015612e-02	-2.813605e-01	
395	C0	1.971689e+01	4.553419e+01	5.000000e+00	1.182256e-02	2.350770e-01	-3.518979e-02	
396	C0	2.044714e+01	4.679903e+01	5.000000e+00	-3.034966e-01	-9.452021e-02	2.215010e-01	
397	C0	1.752612e+01	4.932870e+01	5.000000e+00	-9.555178e-02	1.139846e-01	-6.143346e-02	
398	C0	1.825638e+01	4.806386e+01	5.000000e+00	3.972460e-02	-4.200954e-01	1.860182e-01	
399	C0	1.971689e+01	4.806386e+01	5.000000e+00	-5.709493e-02	-7.225786e-02	3.727199e-01	
400	C0	2.044714e+01	4.932870e+01	5.000000e+00	-2.978971e-01	5.139974e-02	-2.164711e-01	
401	C0	2.190765e+01	1.264826e+00	5.000000e+00	2.207490e-02	8.609439e-03	5.209699e-01	
402	C0	2.263791e+01	5.059354e+01	5.000000e+00	-7.884128e-02	-2.865669e-01	2.728751e-01	
403	C0	2.409842e+01	5.059354e+01	5.000000e+00	-3.289017e-01	1.709775e-01	1.213509e-01	
404	C0	2.482867e+01	1.264826e+00	5.000000e+00	5.991444e-01	1.126761e-02	5.356702e-02	
405	C0	2.190765e+01	3.794504e+00	5.000000e+00	-1.087308e-01	-4.508050e-01	-5.119973e-02	
406	C0	2.263791e+01	2.529665e+00	5.000000e+00	4.472103e-03	-4.751284e-01	1.080260e-01	
407	C0	2.409842e+01	2.529665e+00	5.000000e+00	-3.663356e-01	-6.366758e-03	1.877435e-01	
408	C0	2.482867e+01	3.794504e+00	5.000000e+00	2.222753e-01	2.979579e-01	1.634905e-02	
409	C0	2.190765e+01	6.324182e+00	5.000000e+00	-7.459915e-03	-2.003787e-01	4.063636e-01	
410	C0	2.263791e+01	5.059343e+00	5.000000e+00	1.136701e-01	-4.848411e-01	9.914106e-03	
411	C0	2.409842e+01	5.059343e+00	5.000000e+00	6.835305e-02	9.516859e-04	-1.756854e-03	
412	C0	2.482867e+01	6.324182e+00	5.000000e+00	-1.920713e-01	6.476069e-03	-2.231799e-01	
413	C0	2.190765e+01	8.853860e+00	5.000000e+00	9.734853e-03	1.150133e-01	1.633431e-01	
414	C0	2.263791e+01	7.589021e+00	5.000000e+00	2.477432e-01	-1.064151e-01	-1.997192e-01	
415	C0	2.409842e+01	7.589021e+00	5.000000e+00	1.546256e-01	6.838088e-02	-2.864525e-01	
416	C0	2.482867e+01	8.853860e+00	5.000000e+00	-2.477647e-01	2.196784e-02	2.293392e-01	
417	C0	2.190765e+01	1.138354e+01	5.000000e+00	8.414915e-02	-5.561484e-02	9.216040e-02	
418	C0	2.263791e+01	1.011870e+01	5.000000e+00	-5.546165e-03	3.096302e-01	3.576741e-01	
419	C0	2.409842e+01	1.011870e+01	5.000000e+00	-5.679966e-02	3.400413e-02	-3.182569e-01	
420	C0	2.482867e+01	1.138354e+01	5.000000e+00	-1.480669e-01	-1.204924e-01	-1.119720e-01	
421	C0	2.190765e+01	1.391322e+01	5.000000e+00	-2.221486e-01	-9.026537e-02	7.413795e-03	
422	C0	2.263791e+01	1.264838e+01	5.000000e+00	-3.090089e-02	6.875823e-02	-4.954497e-01	
423	C0	2.409842e+01	1.264838e+01	5.000000e+00	1.757955e-01	3.291940e-01	-1.524662e-01	
424	C0	2.482867e+01	1.391322e+01	5.000000e+00	1.402015e-01	3.441511e-01	-8.171260e-02	
425	C0	2.190765e+01	1.644289e+01	5.000000e+00	-4.189420e-01	1.255856e-01	-3.666484e-02	
426	C0	2.263791e+01	1.517805e+01	5.000000e+00	-2.051327e-02	2.553023e-01	-1.819920e-01	
427	C0	2.409842e+01	1.517805e+01	5.000000e+00	4.269992e-03	-1.321891e-01	-4.962932e-01	
428	C0	2.482867e+01	1.644289e+01	5.000000e+00	5.749876e-02	4.479977e-04	2.422563e-01	
429	C0	2.190765e+01	1.897257e+01	5.000000e+00	-5.201302e-02	2.448420e-01	-1.842192e-01	
430	C0	2.263791e+01	1.770773e+01	5.000000e+00	-6.395192e-02	1.119205e-01	1.077042e-01	
431	C0	2.409842e+01	1.770773e+01	5.000000e+00	-3.658622e-02	2.804361e-01	7.974461e-02	
432	C0	2.482867e+01	1.897257e+01	5.000000e+00	6.896316e-02	4.726561e-02	-3.179120e-01	
433	C0	2.190765e+01	2.150225e+01	5.000000e+00	7.086845e-04	-6.592011e-02	-8.705706e-02	
434	C0	2.263791e+01	2.023741e+01	5.000000e+00	-2.507621e-01	2.068899e-01	-1.347736e-01	
435	C0	2.409842e+01	2.023741e+01	5.000000e+00	3.292045e-02	1.936082e-01	1.205697e-02	
436	C0	2.482867e+01	2.150225e+01	5.000000e+00	6.847968e-03	4.861042e-01	1.215800e-01	
437	C0	2.190765e+01	2.403193e+01	5.000000e+00	-1.248088e-01	-5.003801e-01	6.255843e-03	
438	C0	2.263791e+01	2.276709e+01	5.000000e+00	4.751948e-01	5.334545e-02	4.248993e-02	
439	C0	2.409842e+01	2.276709e+01	5.000000e+00	2.099215e-02	1.640636e-01	-4.803648e-02	
440	C0	2.482867e+01	2.403193e+01	5.000000e+00	5.092854e-01	7.318548e-02	1.220450e-01	
441	C0	2.190765e+01	2.656160e+01	5.000000e+00	-5.957721e-02	7.230791e-02	-4.867516e-01	
442	C0	2.263791e+01	2.529676e+01	5.000000e+00	3.811892e-01	-2.231685e-01	-4.206492e-03	
443	C0	2.409842e+01	2.529676e+01	5.000000e+00	2.188571e-01	-1.557743e-01	2.157024e-01	
444	C0	2.482867e+01	2.656160e+01	5.000000e+00	5.142781e-02	1.061261e-01	-2.785996e-01	
445	C0	2.190765e+01	2.909128e+01	5.000000e+00	-2.826168e-01	5.417395e-02	2.257805e-01	
446	C0	2.263791e+01	2.782644e+01	5.000000e+00	8.609457e-02	-9.988029e-02	2.631533e-01	
447	C0	2.409842e+01	2.782644e+01	5.000000e+00	4.208027e-01	9.407680e-02	-1.563463e-01	
448	C0	2.482867e+01	2.909128e+01	5.000000e+00	-2.755280e-01	-3.234555e-02	-3.944939e-02	
449	C0	2.190765e+01	3.162096e+01	5.000000e+00	-4.508999e-02	2.490502e-01	3.398051e-01	
450	C0	2.263791e+01	3.035612e+01	5.000000e+00	2.191429e-01	1.240821e-01	-3.246055e-01	
451	C0	2.409842e+01	3.035612e+01	5.000000e+00	6.130465e-01	4.701371e-02	2.245694e-02	
452	C0	2.482867e+01	3.162096e+01	5.000000e+00	1.486963e-02	-2.801400e-01	-1.214007e-01	
453	C0	2.190765e+01	3.415064e+01	5.000000e+00	7.552787e-04	1.548465e-01	-3.568317e-01	
454	C0	2.263791e+01	3.288580e+01	5.000000e+00	2.690195e-03	5.139332e-02	-5.500259e-01	
455	C0	2.409842e+01	3.288580e+01	5.000000e+00	2.631594e-02	-1.914242e-01	3.901145e-01	
456	C0	2.482867e+01	3.415064e+01	5.000000e+00	9.428269e-02	1.778248e-02	1.567123e-01	
457	C0	2.190765e+01	3.668031e+01	5.000000e+00	-1.210751e-01	1.445005e-01	-3.423021e-01	
458	C0	2.263791e+01	3.541547e+01	5.000000e+00	-1.662241e-01	-9.686945e-03	2.896098e-01	
459	C0	2.409842e+01	3.541547e+01	5.000000e+00	1.958769e-01	-5.478093e-02	-7.710089e-02	
460	C0	2.482867e+01	3.668031e+01	5.000000e+00	-2.169211e-01	-3.559662e-02	1.314523e-01	
461	C0	2.190765e+01	3.920999e+01	5.000000e+00	3.107492e-01	2.989332e-01	6.070742e-04	
462	C0	2.263791e+01	3.794515e+01	5.000000e+00	4.253252e-02	-7.363420e-02	2.878288e-01	
463	C0	2.409842e+01	3.794515e+01	5.000000e+00	9.607901e-02	-1.221999e-01	3.699089e-01	
464	C0	2.482867e+01	3.920999e+01	5.000000e+00	1.924725e-03	2.231752e-01	-3.709359e-01	
465	C0	2.190765e+01	4.173967e+01	5.000000e+00	-7.609187e-02	-1.270772e-01	-1.714832e-01	
466	C0	2.263791e+01	4.047483e+01	5.000000e+00	7.100708e-02	1.585033e-01	-4.094677e-01	
467	C0	2.409842e+01	4.047483e+01	5.000000e+00	-1.908779e-01	-3.190546e-02	1.204737e-01	
468	C0	2.482867e+01	4.173967e+01	5.000000e+00	2.798526e-01	-1.080449e-01	2.582682e-01	
469	C0	2.190765e+01	4.426935e+01	5.000000e+00	4.001672e-01	-1.442926e-01	1.133359e-01	
470	C0	2.263791e+01	4.300451e+01	5.000000e+00	-6.202320e-02	1.718773e-02	-5.735693e-01	
471	C0	2.409842e+01	4.300451e+01	5.000000e+00	7.396389e-03	6.575919e-01	6.819029e-02	
472	C0	2.482867e+01	4.426935e+01	5.000000e+00	-1.375445e-01	3.174373e-02	5.367453e-01	
473	C0	2.190765e+01	4.679903e+01	5.000000e+00	2.812789e-01	1.960054e-02	-3.561351e-01	
474	C0	2.263791e+01	4.553419e+01	5.000000e+00	-3.493759e-02	-4.560380e-03	-5.820639e-01	
475	C0	2.409842e+01	4.553419e+01	5.000000e+00	-4.457170e-01	-1.606624e-01	1.105090e-02	
476	C0	2.482867e+01	4.679903e+01	5.000000e+00	-1.221143e-02	-1.907678e-01	-7.001006e-02	
477	C0	2.190765e+01	4.932870e+01	5.000000e+00	7.241266e-02	1.864793e-01	2.173836e-01	
478	C0	2.263791e+01	4.806386e+01	5.000000e+00	-3.891231e-01	-5.834449e-03	1.252880e-01	
479	C0	2.409842e+01	4.806386e+01	5.000000e+00	-4.267007e-01	-7.537014e-02	1.077266e-01	
480	C0	2.482867e+01	4.932870e+01	5.000000e+00	9.454511e-02	-3.656304e-01	1.842125e-01	
481	C0	2.628918e+01	1.264826e+00	5.000000e+00	-4.580412e-01	-2.114669e-01	-2.274726e-02	
482	C0	2.701944e+01	5.059354e+01	5.000000e+00	-2.473355e-01	-1.448775e-01	-1.372191e-01	
483	C0	2.847995e+01	5.059354e+01	5.000000e+00	1.056697e-01	-9.020518e-02	-4.237607e-01	
484	C0	2.921020e+01	1.264826e+00	5.000000e+00	-3.605145e-01	9.364941e-02	1.170881e-03	
485	C0	2.628918e+01	3.794504e+00	5.000000e+00	2.947789e-01	1.196734e-01	-1.800541e-01	
486	C0	2.701944e+01	2.529665e+00	5.000000e+00	-2.312031e-01	7.656131e-02	-4.618394e-02	
487	C0	2.847995e+01	2.529665e+00	5.000000e+00	-1.032840e-02	-1.421988e-01	5.030309e-01	
488	C0	2.921020e+01	3.794504e+00	5.000000e+00	-8.795232e-03	6.500509e-03	6.419386e-01	
489	C0	2.628918e+01	6.324182e+00	5.000000e+00	1.378146e-02	-3.808899e-02	-5.699236e-01	
490	C0	2.701944e+01	5.059343e+00	5.000000e+00	3.611137e-01	1.846245e-02	1.572653e-01	
491	C0	2.847995e+01	5.059343e+00	5.000000e+00	1.352234e-01	-3.443294e-01	3.135045e-02	
492	C0	2.921020e+01	6.324182e+00	5.000000e+00	-1.384948e-01	1.375389e-01	2.294520e-01	
493	C0	2.628918e+01	8.853860e+00	5.000000e+00	2.111403e-01	-8.921646e-02	2.516007e-02	
494	C0	2.701944e+01	7.589021e+00	5.000000e+00	-2.226509e-01	4.708507e-02	-3.673904e-01	
495	C0	2.847995e+01	7.589021e+00	5.000000e+00	-5.763388e-03	3.335688e-01	-2.072093e-01	
496	C0	2.921020e+01	8.853860e+00	5.000000e+00	-8.797000e-02	-6.938807e-02	-4.590238e-01	
497	C0	2.628918e+01	1.138354e+01	5.000000e+00	8.894780e-03	-3.403767e-01	-3.064483e-01	
498	C0	2.701944e+01	1.011870e+01	5.000000e+00	1.846785e-01	1.365573e-01	-8.970032e-02	
499	C0	2.847995e+01	1.011870e+01	5.000000e+00	5.608931e-02	-2.926170e-01	-1.793144e-01	
500	C0	2.921020e+01	1.138354e+01	5.000000e+00	-7.565991e-02	3.630404e-01	-1.052321e-01	
501	C0	2.628918e+01	1.391322e+01	5.000000e+00	2.552593e-01	-3.982844e-01	1.051996e-03	
502	C0	2.701944e+01	1.264838e+01	5.000000e+00	3.396222e-01	3.968526e-02	-1.751138e-02	
503	C0	2.847995e+01	1.264838e+01	5.000000e+00	1.143767e-01	3.791409e-01	-3.087764e-02	
504	C0	2.921020e+01	1.391322e+01	5.000000e+00	4.811788e-02	7.277725e-02	-4.065875e-01	
505	C0	2.628918e+01	1.644289e+01	5.000000e+00	-1.289547e-01	-2.596122e-02	3.662194e-01	
506	C0	2.701944e+01	1.517805e+01	5.000000e+00	1.200714e-01	-1.379699e-01	4.018437e-01	
507	C0	2.847995e+01	1.517805e+01	5.000000e+00	-1.601063e-01	3.847404e-01	4.499058e-02	
508	C0	2.921020e+01	1.644289e+01	5.000000e+00	4.711244e-02	3.723569e-02	2.491777e-01	
509	C0	2.628918e+01	1.897257e+01	5.000000e+00	-2.541067e-02	3.278627e-01	3.184177e-01	
510	C0	2.701944e+01	1.770773e+01	5.000000e+00	-3.372469e-01	-1.298940e-01	-1.874230e-02	
511	C0	2.847995e+01	1.770773e+01	5.000000e+00	-3.837224e-02	1.255929e-01	5.412788e-02	
512	C0	2.921020e+01	1.897257e+01	5.000000e+00	1.747570e-03	6.307831e-02	3.360842e-01	
513	C0	2.628918e+01	2.150225e+01	5.000000e+00	2.548073e-04	1.849518e-02	-6.169935e-01	
514	C0	2.701944e+01	2.023741e+01	5.000000e+00	4.907190e-02	-6.058030e-01	1.941581e-02	
515	C0	2.847995e+01	2.023741e+01	5.000000e+00	-3.608145e-01	2.688114e-01	6.297753e-02	
516	C0	2.921020e+01	2.150225e+01	5.000000e+00	1.078395e-02	-1.668868e-01	3.459105e-01	
517	C0	2.628918e+01	2.403193e+01	5.000000e+00	1.803175e-02	-5.614547e-02	4.683655e-02	
518	C0	2.701944e+01	2.276709e+01	5.000000e+00	3.919410e-02	-3.314801e-01	1.626539e-01	
519	C0	2.847995e+01	2.276709e+01	5.000000e+00	-4.686689e-01	-1.224438e-01	-2.965762e-02	
520	C0	2.921020e+01	2.403193e+01	5.000000e+00	4.523248e-02	5.426789e-01	-1.443945e-02	
521	C0	2.628918e+01	2.656160e+01	5.000000e+00	3.668133e-03	3.802560e-01	-6.035749e-02	
522	C0	2.701944e+01	2.529676e+01	5.000000e+00	-1.101871e-01	4.128546e-01	3.806419e-02	
523	C0	2.847995e+01	2.529676e+01	5.000000e+00	1.819998e-03	2.043499e-02	-2.678636e-01	
524	C0	2.921020e+01	2.656160e+01	5.000000e+00	1.096470e-01	8.476976e-03	3.252393e-01	
525	C0	2.628918e+01	2.909128e+01	5.000000e+00	-2.494700e-01	1.029384e-01	1.563776e-01	
526	C0	2.701944e+01	2.782644e+01	5.000000e+00	1.320772e-02	6.533306e-01	3.412093e-03	
527	C0	2.847995e+01	2.782644e+01	5.000000e+00	9.905136e-02	-9.426382e-02	2.202529e-02	
528	C0	2.921020e+01	2.909128e+01	5.000000e+00	6.212721e-02	2.536001e-01	3.407005e-03	
529	C0	2.628918e+01	3.162096e+01	5.000000e+00	-7.166954e-02	1.672586e-01	2.843762e-01	
530	C0	2.701944e+01	3.035612e+01	5.000000e+00	-3.007283e-01	-1.362663e-02	3.061116e-01	
531	C0	2.847995e+01	3.035612e+01	5.000000e+00	2.462688e-01	3.852339e-01	4.041108e-02	
532	C0	2.921020e+01	3.162096e+01	5.000000e+00	1.594861e-01	1.764098e-01	-6.297463e-03	
533	C0	2.628918e+01	3.415064e+01	5.000000e+00	-2.421279e-01	3.596446e-01	-3.253659e-02	
534	C0	2.701944e+01	3.288580e+01	5.000000e+00	1.355078e-01	-4.192292e-02	-7.839244e-02	
535	C0	2.847995e+01	3.288580e+01	5.000000e+00	6.279704e-01	-6.500049e-03	3.640409e-02	
536	C0	2.921020e+01	3.415064e+01	5.000000e+00	-5.289996e-01	1.909244e-02	-7.287629e-02	
537	C0	2.628918e+01	3.668031e+01	5.000000e+00	-7.428335e-02	5.339772e-01	-1.214877e-02	
538	C0	2.701944e+01	3.541547e+01	5.000000e+00	-2.324083e-02	-4.809373e-01	6.419946e-02	
539	C0	2.847995e+01	3.541547e+01	5.000000e+00	-4.292935e-01	1.387497e-01	-1.362768e-02	
540	C0	2.921020e+01	3.668031e+01	5.000000e+00	6.075070e-01	9.509972e-03	5.829016e-02	
541	C0	2.628918e+01	3.920999e+01	5.000000e+00	2.003814e-01	-2.183501e-01	2.016162e-01	
542	C0	2.701944e+01	3.794515e+01	5.000000e+00	-5.902054e-02	1.740835e-03	5.052402e-01	
543	C0	2.847995e+01	3.794515e+01	5.000000e+00	1.909855e-01	-2.691768e-02	1.747619e-02	
544	C0	2.921020e+01	3.920999e+01	5.000000e+00	5.887243e-02	2.739081e-02	5.513912e-01	
545	C0	2.628918e+01	4.173967e+01	5.000000e+00	-3.402395e-01	1.712380e-01	2.118306e-01	
546	C0	2.701944e+01	4.047483e+01	5.000000e+00	1.782005e-01	-8.720358e-02	-3.273618e-02	
547	C0	2.847995e+01	4.047483e+01	5.000000e+00	-1.529912e-02	-1.417954e-01	7.770604e-02	
548	C0	2.921020e+01	4.173967e+01	5.000000e+00	-1.961565e-02	-3.121778e-01	-2.497707e-02	
549	C0	2.628918e+01	4.426935e+01	5.000000e+00	-8.267497e-02	-4.136349e-01	9.023660e-02	
550	C0	2.701944e+01	4.300451e+01	5.000000e+00	5.175239e-01	-1.269772e-02	-1.101461e-02	
551	C0	2.847995e+01	4.300451e+01	5.000000e+00	4.021197e-01	-2.325642e-01	1.727146e-02	
552	C0	2.921020e+01	4.426935e+01	5.000000e+00	1.469953e-01	1.057531e-01	-3.502960e-01	
553	C0	2.628918e+01	4.679903e+01	5.000000e+00	-7.758444e-02	-4.544348e-02	-1.812716e-01	
554	C0	2.701944e+01	4.553419e+01	5.000000e+00	-1.629488e-01	1.107138e-01	-2.527298e-01	
555	C0	2.847995e+01	4.553419e+01	5.000000e+00	7.173178e-02	-2.294567e-01	3.494494e-01	
556	C0	2.921020e+01	4.679903e+01	5.000000e+00	4.557361e-02	3.894447e-03	-5.342662e-01	
557	C0	2.628918e+01	4.932870e+01	5.000000e+00	-4.495730e-01	2.537860e-02	-1.417614e-01	
558	C0	2.701944e+01	4.806386e+01	5.000000e+00	-1.223166e-01	2.617541e-01	-5.513542e-02	
559	C0	2.847995e+01	4.806386e+01	5.000000e+00	3.668524e-01	-2.408465e-02	-1.164713e-02	
560	C0	2.921020e+01	4.932870e+01	5.000000e+00	2.726175e-01	-2.382877e-01	-1.471963e-02	
561	C0	3.067071e+01	1.264826e+00	5.000000e+00	-9.752722e-02	8.326790e-02	3.319348e-01	
562	C0	3.140097e+01	5.059354e+01	5.000000e+00	6.179503e-01	-2.082037e-02	6.256606e-03	
563	C0	3.286148e+01	5.059354e+01	5.000000e+00	-3.749093e-01	-1.697327e-01	1.654460e-03	
564	C0	3.359173e+01	1.264826e+00	5.000000e+00	-1.643218e-01	-1.787492e-01	-5.614569e-02	
565	C0	3.067071e+01	3.794504e+00	5.000000e+00	3.137080e-01	7.751004e-02	-8.532269e-02	
566	C0	3.140097e+01	2.529665e+00	5.000000e+00	1.820925e-01	-1.481439e-01	1.790689e-02	
567	C0	3.286148e+01	2.529665e+00	5.000000e+00	-7.916554e-02	-3.601710e-01	-7.823935e-02	
568	C0	3.359173e+01	3.794504e+00	5.000000e+00	-2.195142e-02	-4.795029e-01	-4.179129e-02	
569	C0	3.067071e+01	6.324182e+00	5.000000e+00	1.772296e-01	-1.322760e-01	-3.044139e-01	
570	C0	3.140097e+01	5.059343e+00	5.000000e+00	-1.430340e-02	3.487910e-02	-2.321596e-01	
571	C0	3.286148e+01	5.059343e+00	5.000000e+00	-7.820625e-02	1.479888e-01	2.740152e-01	
572	C0	3.359173e+01	6.324182e+00	5.000000e+00	5.082491e-01	1.367387e-01	4.101896e-02	
573	C0	3.067071e+01	8.853860e+00	5.000000e+00	9.822395e-02	-1.800329e-01	-2.407332e-01	
574	C0	3.140097e+01	7.589021e+00	5.000000e+00	-2.179762e-01	-2.385947e-01	-1.058098e-01	
575	C0	3.286148e+01	7.589021e+00	5.000000e+00	-3.990945e-01	7.644747e-02	1.694346e-01	
576	C0	3.359173e+01	8.853860e+00	5.000000e+00	1.175602e-01	-1.258367e-01	-1.784464e-01	
577	C0	3.067071e+01	1.138354e+01	5.000000e+00	2.351746e-02	3.172166e-01	-3.045257e-01	
578	C0	3.140097e+01	1.011870e+01	5.000000e+00	-1.639637e-01	2.297786e-01	-1.955550e-01	
579	C0	3.286148e+01	1.011870e+01	5.000000e+00	3.273158e-01	4.433687e-03	9.020874e-02	
580	C0	3.359173e+01	1.138354e+01	5.000000e+00	-3.736874e-01	-1.098555e-01	-6.353607e-02	
581	C0	3.067071e+01	1.391322e+01	5.000000e+00	-4.518055e-01	1.095774e-02	1.902232e-01	
582	C0	3.140097e+01	1.264838e+01	5.000000e+00	-2.653609e-01	2.711080e-01	1.353569e-01	
583	C0	3.286148e+01	1.264838e+01	5.000000e+00	-6.577231e-03	6.687833e-01	2.360989e-02	
584	C0	3.359173e+01	1.391322e+01	5.000000e+00	4.102104e-01	6.834587e-02	6.464831e-02	
585	C0	3.067071e+01	1.644289e+01	5.000000e+00	-2.936563e-02	-1.859331e-02	-4.946625e-01	
586	C0	3.140097e+01	1.517805e+01	5.000000e+00	-1.085281e-02	-2.137003e-01	-3.689776e-01	
587	C0	3.286148e+01	1.517805e+01	5.000000e+00	3.670830e-01	-1.445218e-01	-4.727169e-02	
588	C0	3.359173e+01	1.644289e+01	5.000000e+00	-4.293947e-01	3.270966e-02	-3.893475e-02	
589	C0	3.067071e+01	1.897257e+01	5.000000e+00	-1.263351e-01	1.029163e-01	4.089653e-01	
590	C0	3.140097e+01	1.770773e+01	5.000000e+00	1.160667e-06	1.679449e-01	7.144314e-03	
591	C0	3.286148e+01	1.770773e+01	5.000000e+00	1.860229e-01	-1.688300e-01	-1.528446e-01	
592	C0	3.359173e+01	1.897257e+01	5.000000e+00	5.549166e-01	-1.190316e-02	9.112011e-02	
593	C0	3.067071e+01	2.150225e+01	5.000000e+00	7.595469e-02	1.956173e-03	2.373636e-01	
594	C0	3.140097e+01	2.023741e+01	5.000000e+00	-2.724742e-01	1.470448e-01	-7.668101e-02	
595	C0	3.286148e+01	2.023741e+01	5.000000e+00	-1.433167e-01	-4.621360e-01	1.235609e-02	
596	C0	3.359173e+01	2.150225e+01	5.000000e+00	-2.028999e-01	7.557576e-03	-3.464181e-01	
597	C0	3.067071e+01	2.403193e+01	5.000000e+00	2.315000e-01	-3.402000e-01	7.853258e-02	
598	C0	3.140097e+01	2.276709e+01	5.000000e+00	-2.571207e-01	-5.687652e-02	-1.384916e-01	
599	C0	3.286148e+01	2.276709e+01	5.000000e+00	-1.848059e-01	2.231563e-01	-1.044839e-01	
600	C0	3.359173e+01	2.403193e+01	5.000000e+00	-2.198568e-01	1.312760e-01	-5.400044e-02	
601	C0	3.067071e+01	2.656160e+01	5.000000e+00	-1.920863e-02	3.073507e-01	-1.984412e-01	
602	C0	3.140097e+01	2.529676e+01	5.000000e+00	-1.155269e-01	-3.815865e-03	4.656934e-01	
603	C0	3.286148e+01	2.529676e+01	5.000000e+00	1.969095e-01	5.507638e-02	-3.182924e-01	
604	C0	3.359173e+01	2.656160e+01	5.000000e+00	-1.435396e-01	-2.701664e-01	1.681437e-01	
605	C0	3.067071e+01	2.909128e+01	5.000000e+00	2.885395e-01	-1.603944e-03	-1.363325e-01	
606	C0	3.140097e+01	2.782644e+01	5.000000e+00	-1.173557e-01	7.336181e-02	-2.775225e-01	
607	C0	3.286148e+01	2.782644e+01	5.000000e+00	-1.103079e-01	-1.925779e-01	-3.692089e-02	
608	C0	3.359173e+01	2.909128e+01	5.000000e+00	-1.298868e-01	1.056777e-02	-2.164055e-01	
609	C0	3.067071e+01	3.162096e+01	5.000000e+00	-2.406037e-02	-1.626516e-01	-3.184413e-01	
610	C0	3.140097e+01	3.035612e+01	5.000000e+00	2.906635e-01	-2.325445e-01	2.603129e-02	
611	C0	3.286148e+01	3.035612e+01	5.000000e+00	3.157592e-01	-2.777035e-01	-4.239017e-02	
612	C0	3.359173e+01	3.162096e+01	5.000000e+00	2.997843e-01	1.371071e-01	-4.099177e-02	
613	C0	3.067071e+01	3.415064e+01	5.000000e+00	7.096208e-02	-2.678391e-02	1.544262e-01	
614	C0	3.140097e+01	3.288580e+01	5.000000e+00	-1.755644e-01	-2.330655e-01	-8.329817e-02	
615	C0	3.286148e+01	3.288580e+01	5.000000e+00	3.815609e-02	-3.555148e-02	-1.285081e-01	
616	C0	3.359173e+01	3.415064e+01	5.000000e+00	-2.357186e-01	7.671367e-03	-2.545859e-01	
617	C0	3.067071e+01	3.668031e+01	5.000000e+00	1.968500e-03	3.003274e-01	-2.622851e-01	
618	C0	3.140097e+01	3.541547e+01	5.000000e+00	-1.327754e-03	-9.187554e-02	2.313651e-01	
619	C0	3.286148e+01	3.541547e+01	5.000000e+00	2.071589e-01	-3.070460e-01	1.434306e-01	
620	C0	3.359173e+01	3.668031e+01	5.000000e+00	-2.103615e-01	1.440189e-01	1.165164e-01	
621	C0	3.067071e+01	3.920999e+01	5.000000e+00	-8.862331e-03	-1.248010e-01	-3.997098e-01	
622	C0	3.140097e+01	3.794515e+01	5.000000e+00	2.052188e-02	3.049107e-01	-2.717317e-01	
623	C0	3.286148e+01	3.794515e+01	5.000000e+00	3.493946e-01	1.826119e-01	-9.070849e-02	
624	C0	3.359173e+01	3.920999e+01	5.000000e+00	-1.465580e-02	1.806652e-03	-6.054973e-01	
625	C0	3.067071e+01	4.173967e+01	5.000000e+00	6.452145e-02	4.285707e-03	3.843261e-01	
626	C0	3.140097e+01	4.047483e+01	5.000000e+00	1.545404e-01	-1.766470e-03	1.085833e-01	
627	C0	3.286148e+01	4.047483e+01	5.000000e+00	-1.969030e-02	-4.098551e-01	-1.301272e-01	
628	C0	3.359173e+01	4.173967e+01	5.000000e+00	-1.051634e-01	4.298017e-01	3.943941e-02	
629	C0	3.067071e+01	4.426935e+01	5.000000e+00	1.895909e-01	6.538516e-02	2.610507e-01	
630	C0	3.140097e+01	4.300451e+01	5.000000e+00	1.703715e-01	-2.533268e-01	5.097761e-02	
631	C0	3.286148e+01	4.300451e+01	5.000000e+00	1.387301e-01	1.076383e-01	2.713051e-01	
632	C0	3.359173e+01	4.426935e+01	5.000000e+00	-7.150767e-02	1.319064e-01	-3.298539e-01	
633	C0	3.067071e+01	4.679903e+01	5.000000e+00	-1.588095e-01	-2.895161e-02	2.000437e-01	
634	C0	3.140097e+01	4.553419e+01	5.000000e+00	1.429702e-01	-2.636201e-01	-1.183132e-01	
635	C0	3.286148e+01	4.553419e+01	5.000000e+00	2.569211e-02	-1.021945e-03	-4.897976e-01	
636	C0	3.359173e+01	4.679903e+01	5.000000e+00	-2.669540e-01	-9.143877e-02	8.720489e-02	
637	C0	3.067071e+01	4.932870e+01	5.000000e+00	1.150288e-01	-1.435325e-01	6.995619e-02	
638	C0	3.140097e+01	4.806386e+01	5.000000e+00	2.357159e-01	-3.219288e-01	-5.263015e-02	
639	C0	3.286148e+01	4.806386e+01	5.000000e+00	7.579186e-02	4.208525e-01	1.549264e-01	
640	C0	3.359173e+01	4.932870e+01	5.000000e+00	2.448763e-02	2.025358e-01	2.355762e-01	
641	C0	3.505224e+01	1.264826e+00	5.000000e+00	6.931747e-02	7.117318e-02	8.789758e-02	
642	C0	3.578250e+01	5.059354e+01	5.000000e+00	2.614859e-01	-8.447687e-02	-1.684511e-01	
643	C0	3.724301e+01	5.059354e+01	5.000000e+00	-2.947122e-01	1.193684e-01	-1.398274e-01	
644	C0	3.797326e+01	1.264826e+00	5.000000e+00	4.064143e-02	-1.353705e-01	-3.677481e-01	
645	C0	3.505224e+01	3.794504e+00	5.000000e+00	-8.589983e-02	-2.418121e-02	-7.631346e-02	
646	C0	3.578250e+01	2.529665e+00	5.000000e+00	-1.712793e-01	-1.213247e-01	-3.201207e-01	
647	C0	3.724301e+01	2.529665e+00	5.000000e+00	-7.673200e-04	-5.772090e-03	4.580288e-02	
648	C0	3.797326e+01	3.794504e+00	5.000000e+00	-3.681047e-01	2.112092e-03	-1.775873e-01	
649	C0	3.505224e+01	6.324182e+00	5.000000e+00	-2.688341e-02	1.137217e-01	4.944580e-01	
650	C0	3.578250e+01	5.059343e+00	5.000000e+00	-3.165846e-01	2.893255e-01	-3.263678e-02	
651	C0	3.724301e+01	5.059343e+00	5.000000e+00	-2.310046e-01	-1.581549e-01	-5.254135e-02	
652	C0	3.797326e+01	6.324182e+00	5.000000e+00	-9.832381e-02	7.303747e-02	2.689317e-01	
653	C0	3.505224e+01	8.853860e+00	5.000000e+00	1.871116e-01	-1.658700e-01	1.148219e-01	
654	C0	3.578250e+01	7.589021e+00	5.000000e+00	2.832224e-01	5.899196e-02	-7.220354e-02	
655	C0	3.724301e+01	7.589021e+00	5.000000e+00	-6.920938e-02	4.154733e-01	2.039227e-01	
656	C0	3.797326e+01	8.853860e+00	5.000000e+00	-7.670933e-03	1.836779e-01	-4.617645e-01	
657	C0	3.505224e+01	1.138354e+01	5.000000e+00	-1.027019e-01	-3.888701e-01	-1.469504e-02	
658	C0	3.578250e+01	1.011870e+01	5.000000e+00	4.229838e-01	1.067455e-02	-1.089921e-01	
659	C0	3.724301e+01	1.011870e+01	5.000000e+00	-2.689216e-02	2.586334e-01	3.941127e-01	
660	C0	3.797326e+01	1.138354e+01	5.000000e+00	-4.202815e-02	-2.134161e-01	-2.901926e-01	
661	C0	3.505224e+01	1.391322e+01	5.000000e+00	-1.164574e-02	1.010218e-01	-8.076330e-02	
662	C0	3.578250e+01	1.264838e+01	5.000000e+00	2.061079e-01	1.658980e-02	1.586667e-01	
663	C0	3.724301e+01	1.264838e+01	5.000000e+00	-4.933534e-02	4.106267e-01	-1.427385e-01	
664	C0	3.797326e+01	1.391322e+01	5.000000e+00	2.304168e-01	4.400538e-01	9.670594e-03	
665	C0	3.505224e+01	1.644289e+01	5.000000e+00	-4.071375e-03	-5.934101e-01	1.010640e-01	
666	C0	3.578250e+01	1.517805e+01	5.000000e+00	2.389431e-01	-1.751501e-02	5.275706e-02	
667	C0	3.724301e+01	1.517805e+01	5.000000e+00	7.405803e-02	-1.915944e-01	-9.659946e-02	
668	C0	3.797326e+01	1.644289e+01	5.000000e+00	-7.383712e-02	-4.798306e-02	-2.940474e-01	
669	C0	3.505224e+01	1.897257e+01	5.000000e+00	2.463457e-01	-8.626384e-02	1.894861e-01	
670	C0	3.578250e+01	1.770773e+01	5.000000e+00	3.460876e-02	-2.693398e-01	3.270518e-01	
671	C0	3.724301e+01	1.770773e+01	5.000000e+00	-1.231998e-01	-6.344139e-02	-3.623928e-01	
672	C0	3.797326e+01	1.897257e+01	5.000000e+00	-1.628210e-01	1.161225e-01	2.653681e-01	
673	C0	3.505224e+01	2.150225e+01	5.000000e+00	-4.454183e-03	3.066103e-01	-6.460298e-02	
674	C0	3.578250e+01	2.023741e+01	5.000000e+00	6.390654e-02	3.409750e-01	-8.955472e-02	
675	C0	3.724301e+01	2.023741e+01	5.000000e+00	-3.225560e-01	-2.759313e-01	9.166803e-02	
676	C0	3.797326e+01	2.150225e+01	5.000000e+00	6.595532e-02	-3.383228e-01	1.442382e-01	
677	C0	3.505224e+01	2.403193e+01	5.000000e+00	-4.150353e-02	1.136991e-02	4.192481e-01	
678	C0	3.578250e+01	2.276709e+01	5.000000e+00	2.253661e-01	-2.085501e-01	-1.868039e-01	
679	C0	3.724301e+01	2.276709e+01	5.000000e+00	-4.668510e-01	5.288620e-03	-2.641527e-02	
680	C0	3.797326e+01	2.403193e+01	5.000000e+00	9.327086e-02	1.391198e-01	-1.611093e-01	
681	C0	3.505224e+01	2.656160e+01	5.000000e+00	2.039652e-01	8.608952e-02	2.596678e-01	
682	C0	3.578250e+01	2.529676e+01	5.000000e+00	5.469560e-02	4.547133e-01	-1.022258e-01	
683	C0	3.724301e+01	2.529676e+01	5.000000e+00	-1.392389e-02	4.903887e-01	-8.214524e-02	
684	C0	3.797326e+01	2.656160e+01	5.000000e+00	-1.592815e-01	-1.572718e-01	-3.063550e-01	
685	C0	3.505224e+01	2.909128e+01	5.000000e+00	2.477462e-01	-4.082731e-01	2.301201e-02	
686	C0	3.578250e+01	2.782644e+01	5.000000e+00	-1.758628e-01	-7.431054e-02	-7.843638e-02	
687	C0	3.724301e+01	2.782644e+01	5.000000e+00	-1.058958e-01	6.883330e-02	-7.358013e-02	
688	C0	3.797326e+01	2.909128e+01	5.000000e+00	-1.466331e-01	2.846762e-01	2.222422e-01	
689	C0	3.505224e+01	3.162096e+01	5.000000e+00	-4.967469e-01	8.585602e-02	3.127262e-02	
690	C0	3.578250e+01	3.035612e+01	5.000000e+00	-8.847604e-02	3.080043e-01	2.403096e-01	
691	C0	3.724301e+01	3.035612e+01	5.000000e+00	-3.196034e-03	5.273454e-03	-6.150938e-01	
692	C0	3.797326e+01	3.162096e+01	5.000000e+00	6.457039e-02	1.325255e-01	-1.667185e-01	
693	C0	3.505224e+01	3.415064e+01	5.000000e+00	-1.825537e-02	3.968683e-01	1.038947e-01	
694	C0	3.578250e+01	3.288580e+01	5.000000e+00	1.752510e-01	5.077634e-02	-1.350607e-02	
695	C0	3.724301e+01	3.288580e+01	5.000000e+00	-1.121926e-01	-1.935744e-01	1.796012e-01	
696	C0	3.797326e+01	3.415064e+01	5.000000e+00	-2.223358e-01	3.424554e-02	2.147932e-01	
697	C0	3.505224e+01	3.668031e+01	5.000000e+00	-3.938465e-04	2.542727e-01	-4.525589e-02	
698	C0	3.578250e+01	3.541547e+01	5.000000e+00	5.000176e-01	-6.258110e-02	3.603730e-02	
699	C0	3.724301e+01	3.541547e+01	5.000000e+00	1.741988e-01	2.100403e-01	6.485638e-02	
700	C0	3.797326e+01	3.668031e+01	5.000000e+00	7.494594e-02	1.600644e-02	9.782767e-02	
701	C0	3.505224e+01	3.920999e+01	5.000000e+00	9.184280e-02	-6.020862e-02	-3.367719e-01	
702	C0	3.578250e+01	3.794515e+01	5.000000e+00	1.404397e-01	1.869934e-01	1.507233e-01	
703	C0	3.724301e+01	3.794515e+01	5.000000e+00	-6.867561e-02	2.914863e-01	-2.595122e-01	
704	C0	3.797326e+01	3.920999e+01	5.000000e+00	2.265324e-01	1.532318e-01	-4.432473e-02	
705	C0	3.505224e+01	4.173967e+01	5.000000e+00	1.386719e-02	2.139899e-01	-3.121526e-01	
706	C0	3.578250e+01	4.047483e+01	5.000000e+00	-2.369716e-01	-1.324285e-03	-1.153052e-01	
707	C0	3.724301e+01	4.047483e+01	5.000000e+00	-5.710041e-01	-4.699104e-02	9.570739e-02	
708	C0	3.797326e+01	4.173967e+01	5.000000e+00	5.362156e-02	-2.545636e-02	-1.271078e-01	
709	C0	3.505224e+01	4.426935e+01	5.000000e+00	-6.121366e-02	-3.123004e-01	1.373362e-01	
710	C0	3.578250e+01	4.300451e+01	5.000000e+00	1.041733e-01	-2.408831e-01	1.304917e-01	
711	C0	3.724301e+01	4.300451e+01	5.000000e+00	1.946655e-02	-2.795187e-01	4.019271e-01	
712	C0	3.797326e+01	4.426935e+01	5.000000e+00	-1.157137e-01	-1.417800e-01	1.386032e-01	
713	C0	3.505224e+01	4.679903e+01	5.000000e+00	-1.062805e-01	9.464015e-03	3.992778e-01	
714	C0	3.578250e+01	4.553419e+01	5.000000e+00	-3.825619e-01	3.060747e-02	-9.674782e-02	
715	C0	3.724301e+01	4.553419e+01	5.000000e+00	-1.929056e-01	2.827873e-01	4.955299e-02	
716	C0	3.797326e+01	4.679903e+01	5.000000e+00	8.654962e-02	4.808639e-01	-5.507610e-02	
717	C0	3.505224e+01	4.932870e+01	5.000000e+00	-2.287811e-01	8.776297e-02	-1.473229e-01	
718	C0	3.578250e+01	4.806386e+01	5.000000e+00	5.817574e-02	3.704435e-01	5.182257e-02	
719	C0	3.724301e+01	4.806386e+01	5.000000e+00	-1.882946e-01	8.023720e-02	-3.384111e-01	
720	C0	3.797326e+01	4.932870e+01	5.000000e+00	4.951195e-02	2.762261e-01	2.518737e-01	
721	C0	3.943377e+01	1.264826e+00	5.000000e+00	-5.961199e-02	-8.966448e-03	4.778871e-01	
722	C0	4.016403e+01	5.059354e+01	5.000000e+00	1.085372e-01	2.135769e-01	-2.222156e-01	
723	C0	4.162454e+01	5.059354e+01	5.000000e+00	-8.858361e-02	4.080015e-01	-3.663395e-02	
724	C0	4.235479e+01	1.264826e+00	5.000000e+00	-1.258140e-01	1.113741e-01	-1.708722e-01	
725	C0	3.943377e+01	3.794504e+00	5.000000e+00	1.859734e-01	-3.601409e-02	2.203934e-02	
726	C0	4.016403e+01	2.529665e+00	5.000000e+00	8.754099e-02	2.433009e-01	1.888859e-01	
727	C0	4.162454e+01	2.529665e+00	5.000000e+00	-4.638436e-01	1.030132e-01	1.317795e-01	
728	C0	4.235479e+01	3.794504e+00	5.000000e+00	2.290979e-01	-2.746553e-01	-1.440688e-02	
729	C0	3.943377e+01	6.324182e+00	5.000000e+00	-3.202939e-01	2.150564e-02	-2.324343e-01	
730	C0	4.016403e+01	5.059343e+00	5.000000e+00	-3.046227e-01	-2.290800e-01	1.633395e-02	
731	C0	4.162454e+01	5.059343e+00	5.000000e+00	-9.015819e-02	3.237337e-01	-2.196989e-01	
732	C0	4.235479e+01	6.324182e+00	5.000000e+00	5.587483e-01	-1.297744e-02	7.752091e-02	
733	C0	3.943377e+01	8.853860e+00	5.000000e+00	-1.906452e-01	-1.700442e-01	1.415867e-01	
734	C0	4.016403e+01	7.589021e+00	5.000000e+00	-3.963761e-01	-1.087160e-01	1.781962e-02	
735	C0	4.162454e+01	7.589021e+00	5.000000e+00	-5.212092e-01	1.146548e-01	1.513652e-02	
736	C0	4.235479e+01	8.853860e+00	5.000000e+00	1.711547e-01	-2.175743e-01	2.191013e-01	
737	C0	3.943377e+01	1.138354e+01	5.000000e+00	4.023629e-01	-2.251458e-01	5.030727e-02	
738	C0	4.016403e+01	1.011870e+01	5.000000e+00	8.780086e-02	-1.711865e-01	5.116446e-02	
739	C0	4.162454e+01	1.011870e+01	5.000000e+00	1.305269e-01	-1.926131e-01	2.456875e-01	
740	C0	4.235479e+01	1.138354e+01	5.000000e+00	-2.167961e-01	1.765546e-01	4.759026e-02	
741	C0	3.943377e+01	1.391322e+01	5.000000e+00	-3.375803e-02	-2.122284e-01	-8.517899e-02	
742	C0	4.016403e+01	1.264838e+01	5.000000e+00	-3.180025e-02	3.595447e-02	-1.182856e-01	
743	C0	4.162454e+01	1.264838e+01	5.000000e+00	4.785164e-02	-2.124161e-02	9.410641e-02	
744	C0	4.235479e+01	1.391322e+01	5.000000e+00	1.947913e-01	1.514892e-01	-2.887768e-02	
745	C0	3.943377e+01	1.644289e+01	5.000000e+00	3.685746e-02	-3.528448e-01	-1.488508e-01	
746	C0	4.016403e+01	1.517805e+01	5.000000e+00	2.876209e-02	-1.786383e-01	-1.042010e-01	
747	C0	4.162454e+01	1.517805e+01	5.000000e+00	2.756336e-01	1.022255e-01	6.412282e-02	
748	C0	4.235479e+01	1.644289e+01	5.000000e+00	-2.192918e-02	6.523933e-02	-2.688408e-02	
749	C0	3.943377e+01	1.897257e+01	5.000000e+00	2.513688e-01	1.944757e-01	-1.289560e-01	
750	C0	4.016403e+01	1.770773e+01	5.000000e+00	4.098055e-02	-2.791379e-01	1.869633e-01	
751	C0	4.162454e+01	1.770773e+01	5.000000e+00	-1.954487e-02	-1.817036e-01	1.612578e-01	
752	C0	4.235479e+01	1.897257e+01	5.000000e+00	-7.734474e-03	1.169485e-01	6.330959e-02	
753	C0	3.943377e+01	2.150225e+01	5.000000e+00	-3.341432e-02	4.184398e-02	-1.502309e-01	
754	C0	4.016403e+01	2.023741e+01	5.000000e+00	3.195368e-01	4.820826e-02	-1.993817e-01	
755	C0	4.162454e+01	2.023741e+01	5.000000e+00	-4.300106e-01	-1.081097e-01	1.727461e-01	
756	C0	4.235479e+01	2.150225e+01	5.000000e+00	-3.724057e-01	1.585064e-01	-8.542030e-02	
757	C0	3.943377e+01	2.403193e+01	5.000000e+00	3.494872e-02	-8.213402e-04	9.457553e-02	
758	C0	4.016403e+01	2.276709e+01	5.000000e+00	2.474729e-01	9.956819e-02	-6.853470e-02	
759	C0	4.162454e+01	2.276709e+01	5.000000e+00	1.638210e-01	-1.756725e-01	-2.816552e-01	
760	C0	4.235479e+01	2.403193e+01	5.000000e+00	1.725955e-01	-1.366397e-01	-5.375190e-03	
761	C0	3.943377e+01	2.656160e+01	5.000000e+00	-4.581719e-01	-5.935649e-02	-1.000357e-01	
762	C0	4.016403e+01	2.529676e+01	5.000000e+00	-4.252065e-02	-1.966811e-04	2.191280e-01	
763	C0	4.162454e+01	2.529676e+01	5.000000e+00	-2.967646e-01	3.590800e-01	4.717735e-02	
764	C0	4.235479e+01	2.656160e+01	5.000000e+00	-3.668117e-01	-1.849867e-01	-3.261001e-02	
765	C0	3.943377e+01	2.909128e+01	5.000000e+00	-5.081178e-03	2.910542e-02	5.328841e-01	
766	C0	4.016403e+01	2.782644e+01	5.000000e+00	-7.015657e-02	2.748847e-01	6.748860e-02	
767	C0	4.162454e+01	2.782644e+01	5.000000e+00	-4.981176e-02	3.238439e-01	1.397398e-01	
768	C0	4.235479e+01	2.909128e+01	5.000000e+00	-6.205507e-02	-4.717817e-01	1.549710e-02	
769	C0	3.943377e+01	3.162096e+01	5.000000e+00	1.503290e-02	4.252463e-01	-7.346120e-02	
770	C0	4.016403e+01	3.035612e+01	5.000000e+00	-1.874069e-01	-1.609056e-02	1.679375e-01	
771	C0	4.162454e+01	3.035612e+01	5.000000e+00	5.503618e-02	-2.220394e-01	-1.326375e-01	
772	C0	4.235479e+01	3.162096e+01	5.000000e+00	-2.245784e-01	-1.947017e-01	-1.828360e-02	
773	C0	3.943377e+01	3.415064e+01	5.000000e+00	4.675637e-02	5.154913e-01	5.302731e-02	
774	C0	4.016403e+01	3.288580e+01	5.000000e+00	-1.879755e-01	-2.682287e-01	8.103102e-02	
775	C0	4.162454e+01	3.288580e+01	5.000000e+00	1.808361e-01	-9.834746e-02	-2.138578e-02	
776	C0	4.235479e+01	3.415064e+01	5.000000e+00	-1.944905e-01	6.055290e-03	4.826901e-02	
777	C0	3.943377e+01	3.668031e+01	5.000000e+00	-9.164174e-02	-2.796972e-01	8.190484e-02	
778	C0	4.016403e+01	3.541547e+01	5.000000e+00	3.469757e-01	1.401492e-01	-1.007528e-01	
779	C0	4.162454e+01	3.541547e+01	5.000000e+00	-3.117839e-01	-6.474470e-02	1.184460e-01	
780	C0	4.235479e+01	3.668031e+01	5.000000e+00	3.625594e-02	9.166533e-02	5.267031e-02	
781	C0	3.943377e+01	3.920999e+01	5.000000e+00	3.708060e-02	1.788214e-01	-3.759321e-01	
782	C0	4.016403e+01	3.794515e+01	5.000000e+00	1.190598e-01	1.011571e-01	-2.292991e-01	
783	C0	4.162454e+01	3.794515e+01	5.000000e+00	-3.994151e-01	1.633319e-01	1.770829e-01	
784	C0	4.235479e+01	3.920999e+01	5.000000e+00	1.042684e-02	1.419508e-01	7.262538e-02	
785	C0	3.943377e+01	4.173967e+01	5.000000e+00	2.533753e-03	-1.764583e-02	-5.445264e-01	
786	C0	4.016403e+01	4.047483e+01	5.000000e+00	2.892598e-02	-3.484772e-01	-1.891017e-03	
787	C0	4.162454e+01	4.047483e+01	5.000000e+00	1.270858e-01	3.924671e-01	3.797103e-02	
788	C0	4.235479e+01	4.173967e+01	5.000000e+00	7.138518e-03	-4.992814e-01	4.602411e-02	
789	C0	3.943377e+01	4.426935e+01	5.000000e+00	1.744051e-02	-2.312285e-01	5.579159e-02	
790	C0	4.016403e+01	4.300451e+01	5.000000e+00	6.006698e-02	-3.462738e-01	1.616051e-01	
791	C0	4.162454e+01	4.300451e+01	5.000000e+00	1.345183e-01	9.295087e-02	-3.596812e-01	
792	C0	4.235479e+01	4.426935e+01	5.000000e+00	6.318828e-01	-4.502408e-02	6.308684e-02	
793	C0	3.943377e+01	4.679903e+01	5.000000e+00	-2.902382e-02	2.524324e-02	1.692168e-01	
794	C0	4.016403e+01	4.553419e+01	5.000000e+00	4.301988e-02	8.546865e-02	3.777582e-01	
795	C0	4.162454e+01	4.553419e+01	5.000000e+00	-1.165213e-01	4.197984e-01	1.804820e-01	
796	C0	4.235479e+01	4.679903e+01	5.000000e+00	1.780802e-01	6.963708e-02	-1.587375e-01	
797	C0	3.943377e+01	4.932870e+01	5.000000e+00	1.956500e-03	-1.484714e-02	-5.538406e-01	
798	C0	4.016403e+01	4.806386e+01	5.000000e+00	1.993616e-02	-3.112302e-01	2.069239e-01	
799	C0	4.162454e+01	4.806386e+01	5.000000e+00	1.839635e-02	-5.713939e-01	7.974232e-02	
800	C0	4.235479e+01	4.932870e+01	5.000000e+00	1.498924e-01	1.137883e-01	-3.052473e-01	
801	C0	4.381530e+01	1.264826e+00	5.000000e+00	3.941642e-01	-1.866675e-01	-5.783585e-02	
802	C0	4.454556e+01	5.059354e+01	5.000000e+00	1.734514e-02	-3.724669e-05	3.415638e-01	
803	C0	4.600607e+01	5.059354e+01	5.000000e+00	-1.468922e-02	9.816128e-02	4.891387e-01	
804	C0	4.673632e+01	1.264826e+00	5.000000e+00	-6.650802e-03	2.758438e-01	2.902628e-01	
805	C0	4.381530e+01	3.794504e+00	5.000000e+00	-1.622268e-01	1.639009e-01	-8.285187e-02	
806	C0	4.454556e+01	2.529665e+00	5.000000e+00	4.507133e-03	-4.226558e-01	-2.128726e-01	
807	C0	4.600607e+01	2.529665e+00	5.000000e+00	3.370173e-02	1.433997e-01	-1.036076e-01	
808	C0	4.673632e+01	3.794504e+00	5.000000e+00	1.825165e-02	-2.197917e-01	-2.911490e-01	
809	C0	4.381530e+01	6.324182e+00	5.000000e+00	9.816240e-02	-3.099878e-01	-1.658250e-01	
810	C0	4.454556e+01	5.059343e+00	5.000000e+00	-7.766751e-02	1.337217e-01	3.513554e-01	
811	C0	4.600607e+01	5.059343e+00	5.000000e+00	-5.124407e-01	5.539748e-02	-1.090257e-01	
812	C0	4.673632e+01	6.324182e+00	5.000000e+00	5.415425e-01	-4.692926e-02	-3.679984e-02	
813	C0	4.381530e+01	8.853860e+00	5.000000e+00	3.711189e-01	-1.402228e-01	-6.663856e-03	
814	C0	4.454556e+01	7.589021e+00	5.000000e+00	2.038418e-01	2.251299e-03	-2.658412e-01	
815	C0	4.600607e+01	7.589021e+00	5.000000e+00	3.832272e-01	2.077478e-01	3.227753e-02	
816	C0	4.673632e+01	8.853860e+00	5.000000e+00	-1.457610e-02	-4.268631e-01	-1.485719e-01	
817	C0	4.381530e+01	1.138354e+01	5.000000e+00	5.265009e-02	3.479520e-02	1.150107e-01	
818	C0	4.454556e+01	1.011870e+01	5.000000e+00	-4.431706e-02	1.086189e-01	2.171862e-01	
819	C0	4.600607e+01	1.011870e+01	5.000000e+00	-6.225668e-01	2.890724e-03	5.575246e-02	
820	C0	4.673632e+01	1.138354e+01	5.000000e+00	-1.710164e-01	1.656434e-01	5.403593e-02	
821	C0	4.381530e+01	1.391322e+01	5.000000e+00	-7.975047e-02	1.565275e-01	-3.308569e-01	
822	C0	4.454556e+01	1.264838e+01	5.000000e+00	-3.726626e-02	5.139844e-01	1.941361e-02	
823	C0	4.600607e+01	1.264838e+01	5.000000e+00	6.191860e-02	5.520199e-03	1.943927e-01	
824	C0	4.673632e+01	1.391322e+01	5.000000e+00	1.002635e-01	-8.776364e-02	3.583913e-01	
825	C0	4.381530e+01	1.644289e+01	5.000000e+00	3.177161e-01	1.400033e-02	-4.456432e-03	
826	C0	4.454556e+01	1.517805e+01	5.000000e+00	2.213085e-01	-2.475553e-01	2.500768e-02	
827	C0	4.600607e+01	1.517805e+01	5.000000e+00	3.526135e-01	-1.214763e-01	-1.437215e-01	
828	C0	4.673632e+01	1.644289e+01	5.000000e+00	5.895761e-01	4.693055e-02	-1.126942e-02	
829	C0	4.381530e+01	1.897257e+01	5.000000e+00	4.679422e-02	3.454803e-01	2.907931e-01	
830	C0	4.454556e+01	1.770773e+01	5.000000e+00	-1.000422e-01	-5.891515e-02	-1.398138e-01	
831	C0	4.600607e+01	1.770773e+01	5.000000e+00	-2.938232e-01	7.914849e-02	1.246320e-01	
832	C0	4.673632e+01	1.897257e+01	5.000000e+00	-1.997206e-01	3.233467e-01	1.708094e-01	
833	C0	4.381530e+01	2.150225e+01	5.000000e+00	4.017846e-02	-1.631349e-01	3.837685e-01	
834	C0	4.454556e+01	2.023741e+01	5.000000e+00	-5.944489e-01	-5.231778e-02	-1.120126e-03	
835	C0	4.600607e+01	2.023741e+01	5.000000e+00	1.488887e-01	1.434912e-01	-1.373442e-01	
836	C0	4.673632e+01	2.150225e+01	5.000000e+00	-5.920036e-02	4.107896e-01	7.880026e-03	
837	C0	4.381530e+01	2.403193e+01	5.000000e+00	5.127245e-01	2.050155e-02	1.796458e-01	
838	C0	4.454556e+01	2.276709e+01	5.000000e+00	-2.880482e-01	-6.999883e-02	-2.349463e-01	
839	C0	4.600607e+01	2.276709e+01	5.000000e+00	-3.034569e-02	2.738796e-01	-2.536965e-01	
840	C0	4.673632e+01	2.403193e+01	5.000000e+00	-3.923041e-02	1.523470e-01	2.578391e-01	
841	C0	4.381530e+01	2.656160e+01	5.000000e+00	1.869906e-02	2.501091e-02	-3.633577e-01	
842	C0	4.454556e+01	2.529676e+01	5.000000e+00	1.616535e-01	3.535421e-01	3.681904e-02	
843	C0	4.600607e+01	2.529676e+01	5.000000e+00	-2.867675e-01	-3.179826e-01	-2.801007e-02	
844	C0	4.673632e+01	2.656160e+01	5.000000e+00	-3.096838e-01	-1.226981e-02	-2.275246e-01	
845	C0	4.381530e+01	2.909128e+01	5.000000e+00	-1.885146e-02	-2.753131e-01	4.775174e-02	
846	C0	4.454556e+01	2.782644e+01	5.000000e+00	-2.217578e-01	-3.497586e-02	1.095629e-02	
847	C0	4.600607e+01	2.782644e+01	5.000000e+00	2.016813e-01	-4.849675e-02	-3.093048e-01	
848	C0	4.673632e+01	2.909128e+01	5.000000e+00	4.114427e-04	6.834363e-02	-5.212357e-01	
849	C0	4.381530e+01	3.162096e+01	5.000000e+00	4.806854e-03	1.306353e-01	4.245099e-01	
850	C0	4.454556e+01	3.035612e+01	5.000000e+00	-7.650288e-03	1.534508e-01	3.299442e-01	
851	C0	4.600607e+01	3.035612e+01	5.000000e+00	4.147450e-01	-6.639023e-04	-2.890317e-02	
852	C0	4.673632e+01	3.162096e+01	5.000000e+00	3.910443e-02	-9.010180e-02	-3.130137e-01	
853	C0	4.381530e+01	3.415064e+01	5.000000e+00	-5.725885e-02	-1.548404e-01	-6.956001e-02	
854	C0	4.454556e+01	3.288580e+01	5.000000e+00	1.338630e-02	1.813689e-02	-6.969839e-02	
855	C0	4.600607e+01	3.288580e+01	5.000000e+00	7.252613e-02	5.234176e-02	1.656365e-01	
856	C0	4.673632e+01	3.415064e+01	5.000000e+00	-9.250410e-03	9.512279e-02	-3.696257e-01	
857	C0	4.381530e+01	3.668031e+01	5.000000e+00	2.687625e-01	2.967512e-02	-1.437871e-01	
858	C0	4.454556e+01	3.541547e+01	5.000000e+00	2.424347e-02	-2.335077e-01	-7.408949e-03	
859	C0	4.600607e+01	3.541547e+01	5.000000e+00	-9.180381e-03	3.204278e-02	5.931571e-01	
860	C0	4.673632e+01	3.668031e+01	5.000000e+00	-2.631640e-02	-2.168276e-02	-7.581055e-02	
861	C0	4.381530e+01	3.920999e+01	5.000000e+00	-3.136258e-01	-7.394703e-02	-2.021143e-01	
862	C0	4.454556e+01	3.794515e+01	5.000000e+00	3.202097e-03	-5.201694e-01	6.286706e-02	
863	C0	4.600607e+01	3.794515e+01	5.000000e+00	-1.860733e-01	-2.817609e-01	1.762002e-01	
864	C0	4.673632e+01	3.920999e+01	5.000000e+00	-7.095458e-02	5.173180e-01	-8.642752e-03	
865	C0	4.381530e+01	4.173967e+01	5.000000e+00	5.608077e-02	1.452041e-01	5.069532e-01	
866	C0	4.454556e+01	4.047483e+01	5.000000e+00	1.223123e-01	-2.949175e-01	2.209261e-01	
867	C0	4.600607e+01	4.047483e+01	5.000000e+00	-2.076669e-01	2.671474e-02	3.958262e-01	
868	C0	4.673632e+01	4.173967e+01	5.000000e+00	-3.018728e-01	-2.534843e-01	7.388381e-02	
869	C0	4.381530e+01	4.426935e+01	5.000000e+00	-3.037697e-01	8.232385e-02	6.968297e-02	
870	C0	4.454556e+01	4.300451e+01	5.000000e+00	-1.976203e-01	2.420305e-02	-3.387751e-01	
871	C0	4.600607e+01	4.300451e+01	5.000000e+00	-1.590548e-01	-2.068560e-01	3.730589e-02	
872	C0	4.673632e+01	4.426935e+01	5.000000e+00	4.575958e-01	5.789646e-02	1.564947e-01	
873	C0	4.381530e+01	4.679903e+01	5.000000e+00	8.702221e-03	-5.142631e-02	6.462307e-01	
874	C0	4.454556e+01	4.553419e+01	5.000000e+00	-2.252301e-01	7.908914e-02	3.161722e-01	
875	C0	4.600607e+01	4.553419e+01	5.000000e+00	3.159685e-01	5.277367e-02	-1.437601e-01	
876	C0	4.673632e+01	4.679903e+01	5.000000e+00	-4.663119e-01	-4.765608e-02	-2.232413e-02	
877	C0	4.381530e+01	4.932870e+01	5.000000e+00	5.227252e-02	4.215329e-01	7.943002e-02	
878	C0	4.454556e+01	4.806386e+01	5.000000e+00	1.263645e-01	2.882569e-01	1.684021e-01	
879	C0	4.600607e+01	4.806386e+01	5.000000e+00	-1.917655e-01	1.409484e-01	-2.895618e-02	
880	C0	4.673632e+01	4.932870e+01	5.000000e+00	2.197480e-01	-1.570535e-01	3.589113e-01	
