#ATOMDATA Id type x=3 u=3
#INPUTCONV temp 0.5822
#INPUTCONV moment 1
#INPUTCONV angmoment 1
1 Na 0.000000 0.000000 0.000000 0.0 0.0 0.0
2 Na 0.000000 2.810000 2.810000 0.0 0.0 0.0
3 Na 2.810000 2.810000 0.000000 0.0 0.0 0.0
4 Na 2.810000 0.000000 2.810000 0.0 0.0 0.0
5 Cl 2.810000 2.810000 2.810000 0.0 0.0 0.0
6 Cl 2.810000 0.000000 0.000000 0.0 0.0 0.0
7 Cl 0.000000 0.000000 2.810000 0.0 0.0 0.0
8 Cl 0.000000 2.810000 0.000000 0.0 0.0 0.0
9 Na 0.000000 0.000000 5.620000 0.0 0.0 0.0
10 Na 0.000000 2.810000 8.430000 0.0 0.0 0.0
11 Na 2.810000 2.810000 5.620000 0.0 0.0 0.0
12 Na 2.810000 0.000000 8.430000 0.0 0.0 0.0
13 Cl 2.810000 2.810000 8.430000 0.0 0.0 0.0
14 Cl 2.810000 0.000000 5.620000 0.0 0.0 0.0
15 Cl 0.000000 0.000000 8.430000 0.0 0.0 0.0
16 Cl 0.000000 2.810000 5.620000 0.0 0.0 0.0
17 Na 0.000000 0.000000 11.240000 0.0 0.0 0.0
18 Na 0.000000 2.810000 14.050000 0.0 0.0 0.0
19 Na 2.810000 2.810000 11.240000 0.0 0.0 0.0
20 Na 2.810000 0.000000 14.050000 0.0 0.0 0.0
21 Cl 2.810000 2.810000 14.050000 0.0 0.0 0.0
22 Cl 2.810000 0.000000 11.240000 0.0 0.0 0.0
23 Cl 0.000000 0.000000 14.050000 0.0 0.0 0.0
24 Cl 0.000000 2.810000 11.240000 0.0 0.0 0.0
25 Na 0.000000 0.000000 16.860000 0.0 0.0 0.0
26 Na 0.000000 2.810000 19.670000 0.0 0.0 0.0
27 Na 2.810000 2.810000 16.860000 0.0 0.0 0.0
28 Na 2.810000 0.000000 19.670000 0.0 0.0 0.0
29 Cl 2.810000 2.810000 19.670000 0.0 0.0 0.0
30 Cl 2.810000 0.000000 16.860000 0.0 0.0 0.0
31 Cl 0.000000 0.000000 19.670000 0.0 0.0 0.0
32 Cl 0.000000 2.810000 16.860000 0.0 0.0 0.0
33 Na 0.000000 5.620000 0.000000 0.0 0.0 0.0
34 Na 0.000000 8.430000 2.810000 0.0 0.0 0.0
35 Na 2.810000 8.430000 0.000000 0.0 0.0 0.0
36 Na 2.810000 5.620000 2.810000 0.0 0.0 0.0
37 Cl 2.810000 8.430000 2.810000 0.0 0.0 0.0
38 Cl 2.810000 5.620000 0.000000 0.0 0.0 0.0
39 Cl 0.000000 5.620000 2.810000 0.0 0.0 0.0
40 Cl 0.000000 8.430000 0.000000 0.0 0.0 0.0
41 Na 0.000000 5.620000 5.620000 0.0 0.0 0.0
42 Na 0.000000 8.430000 8.430000 0.0 0.0 0.0
43 Na 2.810000 8.430000 5.620000 0.0 0.0 0.0
44 Na 2.810000 5.620000 8.430000 0.0 0.0 0.0
45 Cl 2.810000 8.430000 8.430000 0.0 0.0 0.0
46 Cl 2.810000 5.620000 5.620000 0.0 0.0 0.0
47 Cl 0.000000 5.620000 8.430000 0.0 0.0 0.0
48 Cl 0.000000 8.430000 5.620000 0.0 0.0 0.0
49 Na 0.000000 5.620000 11.240000 0.0 0.0 0.0
50 Na 0.000000 8.430000 14.050000 0.0 0.0 0.0
51 Na 2.810000 8.430000 11.240000 0.0 0.0 0.0
52 Na 2.810000 5.620000 14.050000 0.0 0.0 0.0
53 Cl 2.810000 8.430000 14.050000 0.0 0.0 0.0
54 Cl 2.810000 5.620000 11.240000 0.0 0.0 0.0
55 Cl 0.000000 5.620000 14.050000 0.0 0.0 0.0
56 Cl 0.000000 8.430000 11.240000 0.0 0.0 0.0
57 Na 0.000000 5.620000 16.860000 0.0 0.0 0.0
58 Na 0.000000 8.430000 19.670000 0.0 0.0 0.0
59 Na 2.810000 8.430000 16.860000 0.0 0.0 0.0
60 Na 2.810000 5.620000 19.670000 0.0 0.0 0.0
61 Cl 2.810000 8.430000 19.670000 0.0 0.0 0.0
62 Cl 2.810000 5.620000 16.860000 0.0 0.0 0.0
63 Cl 0.000000 5.620000 19.670000 0.0 0.0 0.0
64 Cl 0.000000 8.430000 16.860000 0.0 0.0 0.0
65 Na 0.000000 11.240000 0.000000 0.0 0.0 0.0
66 Na 0.000000 14.050000 2.810000 0.0 0.0 0.0
67 Na 2.810000 14.050000 0.000000 0.0 0.0 0.0
68 Na 2.810000 11.240000 2.810000 0.0 0.0 0.0
69 Cl 2.810000 14.050000 2.810000 0.0 0.0 0.0
70 Cl 2.810000 11.240000 0.000000 0.0 0.0 0.0
71 Cl 0.000000 11.240000 2.810000 0.0 0.0 0.0
72 Cl 0.000000 14.050000 0.000000 0.0 0.0 0.0
73 Na 0.000000 11.240000 5.620000 0.0 0.0 0.0
74 Na 0.000000 14.050000 8.430000 0.0 0.0 0.0
75 Na 2.810000 14.050000 5.620000 0.0 0.0 0.0
76 Na 2.810000 11.240000 8.430000 0.0 0.0 0.0
77 Cl 2.810000 14.050000 8.430000 0.0 0.0 0.0
78 Cl 2.810000 11.240000 5.620000 0.0 0.0 0.0
79 Cl 0.000000 11.240000 8.430000 0.0 0.0 0.0
80 Cl 0.000000 14.050000 5.620000 0.0 0.0 0.0
81 Na 0.000000 11.240000 11.240000 0.0 0.0 0.0
82 Na 0.000000 14.050000 14.050000 0.0 0.0 0.0
83 Na 2.810000 14.050000 11.240000 0.0 0.0 0.0
84 Na 2.810000 11.240000 14.050000 0.0 0.0 0.0
85 Cl 2.810000 14.050000 14.050000 0.0 0.0 0.0
86 Cl 2.810000 11.240000 11.240000 0.0 0.0 0.0
87 Cl 0.000000 11.240000 14.050000 0.0 0.0 0.0
88 Cl 0.000000 14.050000 11.240000 0.0 0.0 0.0
89 Na 0.000000 11.240000 16.860000 0.0 0.0 0.0
90 Na 0.000000 14.050000 19.670000 0.0 0.0 0.0
91 Na 2.810000 14.050000 16.860000 0.0 0.0 0.0
92 Na 2.810000 11.240000 19.670000 0.0 0.0 0.0
93 Cl 2.810000 14.050000 19.670000 0.0 0.0 0.0
94 Cl 2.810000 11.240000 16.860000 0.0 0.0 0.0
95 Cl 0.000000 11.240000 19.670000 0.0 0.0 0.0
96 Cl 0.000000 14.050000 16.860000 0.0 0.0 0.0
97 Na 0.000000 16.860000 0.000000 0.0 0.0 0.0
98 Na 0.000000 19.670000 2.810000 0.0 0.0 0.0
99 Na 2.810000 19.670000 0.000000 0.0 0.0 0.0
100 Na 2.810000 16.860000 2.810000 0.0 0.0 0.0
101 Cl 2.810000 19.670000 2.810000 0.0 0.0 0.0
102 Cl 2.810000 16.860000 0.000000 0.0 0.0 0.0
103 Cl 0.000000 16.860000 2.810000 0.0 0.0 0.0
104 Cl 0.000000 19.670000 0.000000 0.0 0.0 0.0
105 Na 0.000000 16.860000 5.620000 0.0 0.0 0.0
106 Na 0.000000 19.670000 8.430000 0.0 0.0 0.0
107 Na 2.810000 19.670000 5.620000 0.0 0.0 0.0
108 Na 2.810000 16.860000 8.430000 0.0 0.0 0.0
109 Cl 2.810000 19.670000 8.430000 0.0 0.0 0.0
110 Cl 2.810000 16.860000 5.620000 0.0 0.0 0.0
111 Cl 0.000000 16.860000 8.430000 0.0 0.0 0.0
112 Cl 0.000000 19.670000 5.620000 0.0 0.0 0.0
113 Na 0.000000 16.860000 11.240000 0.0 0.0 0.0
114 Na 0.000000 19.670000 14.050000 0.0 0.0 0.0
115 Na 2.810000 19.670000 11.240000 0.0 0.0 0.0
116 Na 2.810000 16.860000 14.050000 0.0 0.0 0.0
117 Cl 2.810000 19.670000 14.050000 0.0 0.0 0.0
118 Cl 2.810000 16.860000 11.240000 0.0 0.0 0.0
119 Cl 0.000000 16.860000 14.050000 0.0 0.0 0.0
120 Cl 0.000000 19.670000 11.240000 0.0 0.0 0.0
121 Na 0.000000 16.860000 16.860000 0.0 0.0 0.0
122 Na 0.000000 19.670000 19.670000 0.0 0.0 0.0
123 Na 2.810000 19.670000 16.860000 0.0 0.0 0.0
124 Na 2.810000 16.860000 19.670000 0.0 0.0 0.0
125 Cl 2.810000 19.670000 19.670000 0.0 0.0 0.0
126 Cl 2.810000 16.860000 16.860000 0.0 0.0 0.0
127 Cl 0.000000 16.860000 19.670000 0.0 0.0 0.0
128 Cl 0.000000 19.670000 16.860000 0.0 0.0 0.0
129 Na 5.620000 0.000000 0.000000 0.0 0.0 0.0
130 Na 5.620000 2.810000 2.810000 0.0 0.0 0.0
131 Na 8.430000 2.810000 0.000000 0.0 0.0 0.0
132 Na 8.430000 0.000000 2.810000 0.0 0.0 0.0
133 Cl 8.430000 2.810000 2.810000 0.0 0.0 0.0
134 Cl 8.430000 0.000000 0.000000 0.0 0.0 0.0
135 Cl 5.620000 0.000000 2.810000 0.0 0.0 0.0
136 Cl 5.620000 2.810000 0.000000 0.0 0.0 0.0
137 Na 5.620000 0.000000 5.620000 0.0 0.0 0.0
138 Na 5.620000 2.810000 8.430000 0.0 0.0 0.0
139 Na 8.430000 2.810000 5.620000 0.0 0.0 0.0
140 Na 8.430000 0.000000 8.430000 0.0 0.0 0.0
141 Cl 8.430000 2.810000 8.430000 0.0 0.0 0.0
142 Cl 8.430000 0.000000 5.620000 0.0 0.0 0.0
143 Cl 5.620000 0.000000 8.430000 0.0 0.0 0.0
144 Cl 5.620000 2.810000 5.620000 0.0 0.0 0.0
145 Na 5.620000 0.000000 11.240000 0.0 0.0 0.0
146 Na 5.620000 2.810000 14.050000 0.0 0.0 0.0
147 Na 8.430000 2.810000 11.240000 0.0 0.0 0.0
148 Na 8.430000 0.000000 14.050000 0.0 0.0 0.0
149 Cl 8.430000 2.810000 14.050000 0.0 0.0 0.0
150 Cl 8.430000 0.000000 11.240000 0.0 0.0 0.0
151 Cl 5.620000 0.000000 14.050000 0.0 0.0 0.0
152 Cl 5.620000 2.810000 11.240000 0.0 0.0 0.0
153 Na 5.620000 0.000000 16.860000 0.0 0.0 0.0
154 Na 5.620000 2.810000 19.670000 0.0 0.0 0.0
155 Na 8.430000 2.810000 16.860000 0.0 0.0 0.0
156 Na 8.430000 0.000000 19.670000 0.0 0.0 0.0
157 Cl 8.430000 2.810000 19.670000 0.0 0.0 0.0
158 Cl 8.430000 0.000000 16.860000 0.0 0.0 0.0
159 Cl 5.620000 0.000000 19.670000 0.0 0.0 0.0
160 Cl 5.620000 2.810000 16.860000 0.0 0.0 0.0
161 Na 5.620000 5.620000 0.000000 0.0 0.0 0.0
162 Na 5.620000 8.430000 2.810000 0.0 0.0 0.0
163 Na 8.430000 8.430000 0.000000 0.0 0.0 0.0
164 Na 8.430000 5.620000 2.810000 0.0 0.0 0.0
165 Cl 8.430000 8.430000 2.810000 0.0 0.0 0.0
166 Cl 8.430000 5.620000 0.000000 0.0 0.0 0.0
167 Cl 5.620000 5.620000 2.810000 0.0 0.0 0.0
168 Cl 5.620000 8.430000 0.000000 0.0 0.0 0.0
169 Na 5.620000 5.620000 5.620000 0.0 0.0 0.0
170 Na 5.620000 8.430000 8.430000 0.0 0.0 0.0
171 Na 8.430000 8.430000 5.620000 0.0 0.0 0.0
172 Na 8.430000 5.620000 8.430000 0.0 0.0 0.0
173 Cl 8.430000 8.430000 8.430000 0.0 0.0 0.0
174 Cl 8.430000 5.620000 5.620000 0.0 0.0 0.0
175 Cl 5.620000 5.620000 8.430000 0.0 0.0 0.0
176 Cl 5.620000 8.430000 5.620000 0.0 0.0 0.0
177 Na 5.620000 5.620000 11.240000 0.0 0.0 0.0
178 Na 5.620000 8.430000 14.050000 0.0 0.0 0.0
179 Na 8.430000 8.430000 11.240000 0.0 0.0 0.0
180 Na 8.430000 5.620000 14.050000 0.0 0.0 0.0
181 Cl 8.430000 8.430000 14.050000 0.0 0.0 0.0
182 Cl 8.430000 5.620000 11.240000 0.0 0.0 0.0
183 Cl 5.620000 5.620000 14.050000 0.0 0.0 0.0
184 Cl 5.620000 8.430000 11.240000 0.0 0.0 0.0
185 Na 5.620000 5.620000 16.860000 0.0 0.0 0.0
186 Na 5.620000 8.430000 19.670000 0.0 0.0 0.0
187 Na 8.430000 8.430000 16.860000 0.0 0.0 0.0
188 Na 8.430000 5.620000 19.670000 0.0 0.0 0.0
189 Cl 8.430000 8.430000 19.670000 0.0 0.0 0.0
190 Cl 8.430000 5.620000 16.860000 0.0 0.0 0.0
191 Cl 5.620000 5.620000 19.670000 0.0 0.0 0.0
192 Cl 5.620000 8.430000 16.860000 0.0 0.0 0.0
193 Na 5.620000 11.240000 0.000000 0.0 0.0 0.0
194 Na 5.620000 14.050000 2.810000 0.0 0.0 0.0
195 Na 8.430000 14.050000 0.000000 0.0 0.0 0.0
196 Na 8.430000 11.240000 2.810000 0.0 0.0 0.0
197 Cl 8.430000 14.050000 2.810000 0.0 0.0 0.0
198 Cl 8.430000 11.240000 0.000000 0.0 0.0 0.0
199 Cl 5.620000 11.240000 2.810000 0.0 0.0 0.0
200 Cl 5.620000 14.050000 0.000000 0.0 0.0 0.0
201 Na 5.620000 11.240000 5.620000 0.0 0.0 0.0
202 Na 5.620000 14.050000 8.430000 0.0 0.0 0.0
203 Na 8.430000 14.050000 5.620000 0.0 0.0 0.0
204 Na 8.430000 11.240000 8.430000 0.0 0.0 0.0
205 Cl 8.430000 14.050000 8.430000 0.0 0.0 0.0
206 Cl 8.430000 11.240000 5.620000 0.0 0.0 0.0
207 Cl 5.620000 11.240000 8.430000 0.0 0.0 0.0
208 Cl 5.620000 14.050000 5.620000 0.0 0.0 0.0
209 Na 5.620000 11.240000 11.240000 0.0 0.0 0.0
210 Na 5.620000 14.050000 14.050000 0.0 0.0 0.0
211 Na 8.430000 14.050000 11.240000 0.0 0.0 0.0
212 Na 8.430000 11.240000 14.050000 0.0 0.0 0.0
213 Cl 8.430000 14.050000 14.050000 0.0 0.0 0.0
214 Cl 8.430000 11.240000 11.240000 0.0 0.0 0.0
215 Cl 5.620000 11.240000 14.050000 0.0 0.0 0.0
216 Cl 5.620000 14.050000 11.240000 0.0 0.0 0.0
217 Na 5.620000 11.240000 16.860000 0.0 0.0 0.0
218 Na 5.620000 14.050000 19.670000 0.0 0.0 0.0
219 Na 8.430000 14.050000 16.860000 0.0 0.0 0.0
220 Na 8.430000 11.240000 19.670000 0.0 0.0 0.0
221 Cl 8.430000 14.050000 19.670000 0.0 0.0 0.0
222 Cl 8.430000 11.240000 16.860000 0.0 0.0 0.0
223 Cl 5.620000 11.240000 19.670000 0.0 0.0 0.0
224 Cl 5.620000 14.050000 16.860000 0.0 0.0 0.0
225 Na 5.620000 16.860000 0.000000 0.0 0.0 0.0
226 Na 5.620000 19.670000 2.810000 0.0 0.0 0.0
227 Na 8.430000 19.670000 0.000000 0.0 0.0 0.0
228 Na 8.430000 16.860000 2.810000 0.0 0.0 0.0
229 Cl 8.430000 19.670000 2.810000 0.0 0.0 0.0
230 Cl 8.430000 16.860000 0.000000 0.0 0.0 0.0
231 Cl 5.620000 16.860000 2.810000 0.0 0.0 0.0
232 Cl 5.620000 19.670000 0.000000 0.0 0.0 0.0
233 Na 5.620000 16.860000 5.620000 0.0 0.0 0.0
234 Na 5.620000 19.670000 8.430000 0.0 0.0 0.0
235 Na 8.430000 19.670000 5.620000 0.0 0.0 0.0
236 Na 8.430000 16.860000 8.430000 0.0 0.0 0.0
237 Cl 8.430000 19.670000 8.430000 0.0 0.0 0.0
238 Cl 8.430000 16.860000 5.620000 0.0 0.0 0.0
239 Cl 5.620000 16.860000 8.430000 0.0 0.0 0.0
240 Cl 5.620000 19.670000 5.620000 0.0 0.0 0.0
241 Na 5.620000 16.860000 11.240000 0.0 0.0 0.0
242 Na 5.620000 19.670000 14.050000 0.0 0.0 0.0
243 Na 8.430000 19.670000 11.240000 0.0 0.0 0.0
244 Na 8.430000 16.860000 14.050000 0.0 0.0 0.0
245 Cl 8.430000 19.670000 14.050000 0.0 0.0 0.0
246 Cl 8.430000 16.860000 11.240000 0.0 0.0 0.0
247 Cl 5.620000 16.860000 14.050000 0.0 0.0 0.0
248 Cl 5.620000 19.670000 11.240000 0.0 0.0 0.0
249 Na 5.620000 16.860000 16.860000 0.0 0.0 0.0
250 Na 5.620000 19.670000 19.670000 0.0 0.0 0.0
251 Na 8.430000 19.670000 16.860000 0.0 0.0 0.0
252 Na 8.430000 16.860000 19.670000 0.0 0.0 0.0
253 Cl 8.430000 19.670000 19.670000 0.0 0.0 0.0
254 Cl 8.430000 16.860000 16.860000 0.0 0.0 0.0
255 Cl 5.620000 16.860000 19.670000 0.0 0.0 0.0
256 Cl 5.620000 19.670000 16.860000 0.0 0.0 0.0
257 Na 11.240000 0.000000 0.000000 0.0 0.0 0.0
258 Na 11.240000 2.810000 2.810000 0.0 0.0 0.0
259 Na 14.050000 2.810000 0.000000 0.0 0.0 0.0
260 Na 14.050000 0.000000 2.810000 0.0 0.0 0.0
261 Cl 14.050000 2.810000 2.810000 0.0 0.0 0.0
262 Cl 14.050000 0.000000 0.000000 0.0 0.0 0.0
263 Cl 11.240000 0.000000 2.810000 0.0 0.0 0.0
264 Cl 11.240000 2.810000 0.000000 0.0 0.0 0.0
265 Na 11.240000 0.000000 5.620000 0.0 0.0 0.0
266 Na 11.240000 2.810000 8.430000 0.0 0.0 0.0
267 Na 14.050000 2.810000 5.620000 0.0 0.0 0.0
268 Na 14.050000 0.000000 8.430000 0.0 0.0 0.0
269 Cl 14.050000 2.810000 8.430000 0.0 0.0 0.0
270 Cl 14.050000 0.000000 5.620000 0.0 0.0 0.0
271 Cl 11.240000 0.000000 8.430000 0.0 0.0 0.0
272 Cl 11.240000 2.810000 5.620000 0.0 0.0 0.0
273 Na 11.240000 0.000000 11.240000 0.0 0.0 0.0
274 Na 11.240000 2.810000 14.050000 0.0 0.0 0.0
275 Na 14.050000 2.810000 11.240000 0.0 0.0 0.0
276 Na 14.050000 0.000000 14.050000 0.0 0.0 0.0
277 Cl 14.050000 2.810000 14.050000 0.0 0.0 0.0
278 Cl 14.050000 0.000000 11.240000 0.0 0.0 0.0
279 Cl 11.240000 0.000000 14.050000 0.0 0.0 0.0
280 Cl 11.240000 2.810000 11.240000 0.0 0.0 0.0
281 Na 11.240000 0.000000 16.860000 0.0 0.0 0.0
282 Na 11.240000 2.810000 19.670000 0.0 0.0 0.0
283 Na 14.050000 2.810000 16.860000 0.0 0.0 0.0
284 Na 14.050000 0.000000 19.670000 0.0 0.0 0.0
285 Cl 14.050000 2.810000 19.670000 0.0 0.0 0.0
286 Cl 14.050000 0.000000 16.860000 0.0 0.0 0.0
287 Cl 11.240000 0.000000 19.670000 0.0 0.0 0.0
288 Cl 11.240000 2.810000 16.860000 0.0 0.0 0.0
289 Na 11.240000 5.620000 0.000000 0.0 0.0 0.0
290 Na 11.240000 8.430000 2.810000 0.0 0.0 0.0
291 Na 14.050000 8.430000 0.000000 0.0 0.0 0.0
292 Na 14.050000 5.620000 2.810000 0.0 0.0 0.0
293 Cl 14.050000 8.430000 2.810000 0.0 0.0 0.0
294 Cl 14.050000 5.620000 0.000000 0.0 0.0 0.0
295 Cl 11.240000 5.620000 2.810000 0.0 0.0 0.0
296 Cl 11.240000 8.430000 0.000000 0.0 0.0 0.0
297 Na 11.240000 5.620000 5.620000 0.0 0.0 0.0
298 Na 11.240000 8.430000 8.430000 0.0 0.0 0.0
299 Na 14.050000 8.430000 5.620000 0.0 0.0 0.0
300 Na 14.050000 5.620000 8.430000 0.0 0.0 0.0
301 Cl 14.050000 8.430000 8.430000 0.0 0.0 0.0
302 Cl 14.050000 5.620000 5.620000 0.0 0.0 0.0
303 Cl 11.240000 5.620000 8.430000 0.0 0.0 0.0
304 Cl 11.240000 8.430000 5.620000 0.0 0.0 0.0
305 Na 11.240000 5.620000 11.240000 0.0 0.0 0.0
306 Na 11.240000 8.430000 14.050000 0.0 0.0 0.0
307 Na 14.050000 8.430000 11.240000 0.0 0.0 0.0
308 Na 14.050000 5.620000 14.050000 0.0 0.0 0.0
309 Cl 14.050000 8.430000 14.050000 0.0 0.0 0.0
310 Cl 14.050000 5.620000 11.240000 0.0 0.0 0.0
311 Cl 11.240000 5.620000 14.050000 0.0 0.0 0.0
312 Cl 11.240000 8.430000 11.240000 0.0 0.0 0.0
313 Na 11.240000 5.620000 16.860000 0.0 0.0 0.0
314 Na 11.240000 8.430000 19.670000 0.0 0.0 0.0
315 Na 14.050000 8.430000 16.860000 0.0 0.0 0.0
316 Na 14.050000 5.620000 19.670000 0.0 0.0 0.0
317 Cl 14.050000 8.430000 19.670000 0.0 0.0 0.0
318 Cl 14.050000 5.620000 16.860000 0.0 0.0 0.0
319 Cl 11.240000 5.620000 19.670000 0.0 0.0 0.0
320 Cl 11.240000 8.430000 16.860000 0.0 0.0 0.0
321 Na 11.240000 11.240000 0.000000 0.0 0.0 0.0
322 Na 11.240000 14.050000 2.810000 0.0 0.0 0.0
323 Na 14.050000 14.050000 0.000000 0.0 0.0 0.0
324 Na 14.050000 11.240000 2.810000 0.0 0.0 0.0
325 Cl 14.050000 14.050000 2.810000 0.0 0.0 0.0
326 Cl 14.050000 11.240000 0.000000 0.0 0.0 0.0
327 Cl 11.240000 11.240000 2.810000 0.0 0.0 0.0
328 Cl 11.240000 14.050000 0.000000 0.0 0.0 0.0
329 Na 11.240000 11.240000 5.620000 0.0 0.0 0.0
330 Na 11.240000 14.050000 8.430000 0.0 0.0 0.0
331 Na 14.050000 14.050000 5.620000 0.0 0.0 0.0
332 Na 14.050000 11.240000 8.430000 0.0 0.0 0.0
333 Cl 14.050000 14.050000 8.430000 0.0 0.0 0.0
334 Cl 14.050000 11.240000 5.620000 0.0 0.0 0.0
335 Cl 11.240000 11.240000 8.430000 0.0 0.0 0.0
336 Cl 11.240000 14.050000 5.620000 0.0 0.0 0.0
337 Na 11.240000 11.240000 11.240000 0.0 0.0 0.0
338 Na 11.240000 14.050000 14.050000 0.0 0.0 0.0
339 Na 14.050000 14.050000 11.240000 0.0 0.0 0.0
340 Na 14.050000 11.240000 14.050000 0.0 0.0 0.0
341 Cl 14.050000 14.050000 14.050000 0.0 0.0 0.0
342 Cl 14.050000 11.240000 11.240000 0.0 0.0 0.0
343 Cl 11.240000 11.240000 14.050000 0.0 0.0 0.0
344 Cl 11.240000 14.050000 11.240000 0.0 0.0 0.0
345 Na 11.240000 11.240000 16.860000 0.0 0.0 0.0
346 Na 11.240000 14.050000 19.670000 0.0 0.0 0.0
347 Na 14.050000 14.050000 16.860000 0.0 0.0 0.0
348 Na 14.050000 11.240000 19.670000 0.0 0.0 0.0
349 Cl 14.050000 14.050000 19.670000 0.0 0.0 0.0
350 Cl 14.050000 11.240000 16.860000 0.0 0.0 0.0
351 Cl 11.240000 11.240000 19.670000 0.0 0.0 0.0
352 Cl 11.240000 14.050000 16.860000 0.0 0.0 0.0
353 Na 11.240000 16.860000 0.000000 0.0 0.0 0.0
354 Na 11.240000 19.670000 2.810000 0.0 0.0 0.0
355 Na 14.050000 19.670000 0.000000 0.0 0.0 0.0
356 Na 14.050000 16.860000 2.810000 0.0 0.0 0.0
357 Cl 14.050000 19.670000 2.810000 0.0 0.0 0.0
358 Cl 14.050000 16.860000 0.000000 0.0 0.0 0.0
359 Cl 11.240000 16.860000 2.810000 0.0 0.0 0.0
360 Cl 11.240000 19.670000 0.000000 0.0 0.0 0.0
361 Na 11.240000 16.860000 5.620000 0.0 0.0 0.0
362 Na 11.240000 19.670000 8.430000 0.0 0.0 0.0
363 Na 14.050000 19.670000 5.620000 0.0 0.0 0.0
364 Na 14.050000 16.860000 8.430000 0.0 0.0 0.0
365 Cl 14.050000 19.670000 8.430000 0.0 0.0 0.0
366 Cl 14.050000 16.860000 5.620000 0.0 0.0 0.0
367 Cl 11.240000 16.860000 8.430000 0.0 0.0 0.0
368 Cl 11.240000 19.670000 5.620000 0.0 0.0 0.0
369 Na 11.240000 16.860000 11.240000 0.0 0.0 0.0
370 Na 11.240000 19.670000 14.050000 0.0 0.0 0.0
371 Na 14.050000 19.670000 11.240000 0.0 0.0 0.0
372 Na 14.050000 16.860000 14.050000 0.0 0.0 0.0
373 Cl 14.050000 19.670000 14.050000 0.0 0.0 0.0
374 Cl 14.050000 16.860000 11.240000 0.0 0.0 0.0
375 Cl 11.240000 16.860000 14.050000 0.0 0.0 0.0
376 Cl 11.240000 19.670000 11.240000 0.0 0.0 0.0
377 Na 11.240000 16.860000 16.860000 0.0 0.0 0.0
378 Na 11.240000 19.670000 19.670000 0.0 0.0 0.0
379 Na 14.050000 19.670000 16.860000 0.0 0.0 0.0
380 Na 14.050000 16.860000 19.670000 0.0 0.0 0.0
381 Cl 14.050000 19.670000 19.670000 0.0 0.0 0.0
382 Cl 14.050000 16.860000 16.860000 0.0 0.0 0.0
383 Cl 11.240000 16.860000 19.670000 0.0 0.0 0.0
384 Cl 11.240000 19.670000 16.860000 0.0 0.0 0.0
385 Na 16.860000 0.000000 0.000000 0.0 0.0 0.0
386 Na 16.860000 2.810000 2.810000 0.0 0.0 0.0
387 Na 19.670000 2.810000 0.000000 0.0 0.0 0.0
388 Na 19.670000 0.000000 2.810000 0.0 0.0 0.0
389 Cl 19.670000 2.810000 2.810000 0.0 0.0 0.0
390 Cl 19.670000 0.000000 0.000000 0.0 0.0 0.0
391 Cl 16.860000 0.000000 2.810000 0.0 0.0 0.0
392 Cl 16.860000 2.810000 0.000000 0.0 0.0 0.0
393 Na 16.860000 0.000000 5.620000 0.0 0.0 0.0
394 Na 16.860000 2.810000 8.430000 0.0 0.0 0.0
395 Na 19.670000 2.810000 5.620000 0.0 0.0 0.0
396 Na 19.670000 0.000000 8.430000 0.0 0.0 0.0
397 Cl 19.670000 2.810000 8.430000 0.0 0.0 0.0
398 Cl 19.670000 0.000000 5.620000 0.0 0.0 0.0
399 Cl 16.860000 0.000000 8.430000 0.0 0.0 0.0
400 Cl 16.860000 2.810000 5.620000 0.0 0.0 0.0
401 Na 16.860000 0.000000 11.240000 0.0 0.0 0.0
402 Na 16.860000 2.810000 14.050000 0.0 0.0 0.0
403 Na 19.670000 2.810000 11.240000 0.0 0.0 0.0
404 Na 19.670000 0.000000 14.050000 0.0 0.0 0.0
405 Cl 19.670000 2.810000 14.050000 0.0 0.0 0.0
406 Cl 19.670000 0.000000 11.240000 0.0 0.0 0.0
407 Cl 16.860000 0.000000 14.050000 0.0 0.0 0.0
408 Cl 16.860000 2.810000 11.240000 0.0 0.0 0.0
409 Na 16.860000 0.000000 16.860000 0.0 0.0 0.0
410 Na 16.860000 2.810000 19.670000 0.0 0.0 0.0
411 Na 19.670000 2.810000 16.860000 0.0 0.0 0.0
412 Na 19.670000 0.000000 19.670000 0.0 0.0 0.0
413 Cl 19.670000 2.810000 19.670000 0.0 0.0 0.0
414 Cl 19.670000 0.000000 16.860000 0.0 0.0 0.0
415 Cl 16.860000 0.000000 19.670000 0.0 0.0 0.0
416 Cl 16.860000 2.810000 16.860000 0.0 0.0 0.0
417 Na 16.860000 5.620000 0.000000 0.0 0.0 0.0
418 Na 16.860000 8.430000 2.810000 0.0 0.0 0.0
419 Na 19.670000 8.430000 0.000000 0.0 0.0 0.0
420 Na 19.670000 5.620000 2.810000 0.0 0.0 0.0
421 Cl 19.670000 8.430000 2.810000 0.0 0.0 0.0
422 Cl 19.670000 5.620000 0.000000 0.0 0.0 0.0
423 Cl 16.860000 5.620000 2.810000 0.0 0.0 0.0
424 Cl 16.860000 8.430000 0.000000 0.0 0.0 0.0
425 Na 16.860000 5.620000 5.620000 0.0 0.0 0.0
426 Na 16.860000 8.430000 8.430000 0.0 0.0 0.0
427 Na 19.670000 8.430000 5.620000 0.0 0.0 0.0
428 Na 19.670000 5.620000 8.430000 0.0 0.0 0.0
429 Cl 19.670000 8.430000 8.430000 0.0 0.0 0.0
430 Cl 19.670000 5.620000 5.620000 0.0 0.0 0.0
431 Cl 16.860000 5.620000 8.430000 0.0 0.0 0.0
432 Cl 16.860000 8.430000 5.620000 0.0 0.0 0.0
433 Na 16.860000 5.620000 11.240000 0.0 0.0 0.0
434 Na 16.860000 8.430000 14.050000 0.0 0.0 0.0
435 Na 19.670000 8.430000 11.240000 0.0 0.0 0.0
436 Na 19.670000 5.620000 14.050000 0.0 0.0 0.0
437 Cl 19.670000 8.430000 14.050000 0.0 0.0 0.0
438 Cl 19.670000 5.620000 11.240000 0.0 0.0 0.0
439 Cl 16.860000 5.620000 14.050000 0.0 0.0 0.0
440 Cl 16.860000 8.430000 11.240000 0.0 0.0 0.0
441 Na 16.860000 5.620000 16.860000 0.0 0.0 0.0
442 Na 16.860000 8.430000 19.670000 0.0 0.0 0.0
443 Na 19.670000 8.430000 16.860000 0.0 0.0 0.0
444 Na 19.670000 5.620000 19.670000 0.0 0.0 0.0
445 Cl 19.670000 8.430000 19.670000 0.0 0.0 0.0
446 Cl 19.670000 5.620000 16.860000 0.0 0.0 0.0
447 Cl 16.860000 5.620000 19.670000 0.0 0.0 0.0
448 Cl 16.860000 8.430000 16.860000 0.0 0.0 0.0
449 Na 16.860000 11.240000 0.000000 0.0 0.0 0.0
450 Na 16.860000 14.050000 2.810000 0.0 0.0 0.0
451 Na 19.670000 14.050000 0.000000 0.0 0.0 0.0
452 Na 19.670000 11.240000 2.810000 0.0 0.0 0.0
453 Cl 19.670000 14.050000 2.810000 0.0 0.0 0.0
454 Cl 19.670000 11.240000 0.000000 0.0 0.0 0.0
455 Cl 16.860000 11.240000 2.810000 0.0 0.0 0.0
456 Cl 16.860000 14.050000 0.000000 0.0 0.0 0.0
457 Na 16.860000 11.240000 5.620000 0.0 0.0 0.0
458 Na 16.860000 14.050000 8.430000 0.0 0.0 0.0
459 Na 19.670000 14.050000 5.620000 0.0 0.0 0.0
460 Na 19.670000 11.240000 8.430000 0.0 0.0 0.0
461 Cl 19.670000 14.050000 8.430000 0.0 0.0 0.0
462 Cl 19.670000 11.240000 5.620000 0.0 0.0 0.0
463 Cl 16.860000 11.240000 8.430000 0.0 0.0 0.0
464 Cl 16.860000 14.050000 5.620000 0.0 0.0 0.0
465 Na 16.860000 11.240000 11.240000 0.0 0.0 0.0
466 Na 16.860000 14.050000 14.050000 0.0 0.0 0.0
467 Na 19.670000 14.050000 11.240000 0.0 0.0 0.0
468 Na 19.670000 11.240000 14.050000 0.0 0.0 0.0
469 Cl 19.670000 14.050000 14.050000 0.0 0.0 0.0
470 Cl 19.670000 11.240000 11.240000 0.0 0.0 0.0
471 Cl 16.860000 11.240000 14.050000 0.0 0.0 0.0
472 Cl 16.860000 14.050000 11.240000 0.0 0.0 0.0
473 Na 16.860000 11.240000 16.860000 0.0 0.0 0.0
474 Na 16.860000 14.050000 19.670000 0.0 0.0 0.0
475 Na 19.670000 14.050000 16.860000 0.0 0.0 0.0
476 Na 19.670000 11.240000 19.670000 0.0 0.0 0.0
477 Cl 19.670000 14.050000 19.670000 0.0 0.0 0.0
478 Cl 19.670000 11.240000 16.860000 0.0 0.0 0.0
479 Cl 16.860000 11.240000 19.670000 0.0 0.0 0.0
480 Cl 16.860000 14.050000 16.860000 0.0 0.0 0.0
481 Na 16.860000 16.860000 0.000000 0.0 0.0 0.0
482 Na 16.860000 19.670000 2.810000 0.0 0.0 0.0
483 Na 19.670000 19.670000 0.000000 0.0 0.0 0.0
484 Na 19.670000 16.860000 2.810000 0.0 0.0 0.0
485 Cl 19.670000 19.670000 2.810000 0.0 0.0 0.0
486 Cl 19.670000 16.860000 0.000000 0.0 0.0 0.0
487 Cl 16.860000 16.860000 2.810000 0.0 0.0 0.0
488 Cl 16.860000 19.670000 0.000000 0.0 0.0 0.0
489 Na 16.860000 16.860000 5.620000 0.0 0.0 0.0
490 Na 16.860000 19.670000 8.430000 0.0 0.0 0.0
491 Na 19.670000 19.670000 5.620000 0.0 0.0 0.0
492 Na 19.670000 16.860000 8.430000 0.0 0.0 0.0
493 Cl 19.670000 19.670000 8.430000 0.0 0.0 0.0
494 Cl 19.670000 16.860000 5.620000 0.0 0.0 0.0
495 Cl 16.860000 16.860000 8.430000 0.0 0.0 0.0
496 Cl 16.860000 19.670000 5.620000 0.0 0.0 0.0
497 Na 16.860000 16.860000 11.240000 0.0 0.0 0.0
498 Na 16.860000 19.670000 14.050000 0.0 0.0 0.0
499 Na 19.670000 19.670000 11.240000 0.0 0.0 0.0
500 Na 19.670000 16.860000 14.050000 0.0 0.0 0.0
501 Cl 19.670000 19.670000 14.050000 0.0 0.0 0.0
502 Cl 19.670000 16.860000 11.240000 0.0 0.0 0.0
503 Cl 16.860000 16.860000 14.050000 0.0 0.0 0.0
504 Cl 16.860000 19.670000 11.240000 0.0 0.0 0.0
505 Na 16.860000 16.860000 16.860000 0.0 0.0 0.0
506 Na 16.860000 19.670000 19.670000 0.0 0.0 0.0
507 Na 19.670000 19.670000 16.860000 0.0 0.0 0.0
508 Na 19.670000 16.860000 19.670000 0.0 0.0 0.0
509 Cl 19.670000 19.670000 19.670000 0.0 0.0 0.0
510 Cl 19.670000 16.860000 16.860000 0.0 0.0 0.0
511 Cl 16.860000 16.860000 19.670000 0.0 0.0 0.0
512 Cl 16.860000 19.670000 16.860000 0.0 0.0 0.0
